hhds_srcmap 1
file 0 dino/pyrope/ALU.prp
filehash 0 3976432345047998552
filelines 0 89 0 98 115 133 151 168 185 202 232 262 291 321 351 381 398 415 432 449 466 486 561 671 745 809 890 963 1003 1008 1046 1083 1088 1143 1170 1207 1255 1260 1834 1857 1894 1943 1948 2598 2621 2658 2707 2712 3318 3341 3378 3416 3453 3491 3528 3576 3581 4186 4209 4246 4295 4300 4911 4934 4971 4976 5057 5084 5122 5174 5212 5217 5299 5326 5364 5369 5425 5452 5490 5495 5552 5580 5618 5623 5680 5708 5719 5737 5741 5765 5767
span 12217716293144240667 0 0 5766 1
span 2997566720198832960 0 104 110 2
span 14642157297365197227 0 121 128 3
span 3965607339813530688 0 139 146 4
span 8679638351663587789 0 157 163 5
span 288696769287869883 0 174 180 6
span 798466234677699782 0 191 197 7
span 10547025637587676943 0 208 227 8
span 3454891635284736938 0 238 257 9
span 16912535802307540241 0 268 286 10
span 2590288687759939334 0 297 316 11
span 3607595226143306216 0 327 346 12
span 6784301435591501821 0 357 376 13
span 15330122820419729280 0 387 393 14
span 12233989952245282098 0 404 410 15
span 1192425156975851329 0 421 427 16
span 18368112550408114684 0 438 444 17
span 10420396602561273324 0 455 461 18
span 17712413563379818069 0 472 481 19
span 7241859745875596071 0 488 560 20
span 16453137752833046069 0 488 507 20
span 16994643465582281567 0 563 670 21
span 853660463670703074 0 563 582 21
span 17429125370044975629 0 673 744 22
span 4625223903437942026 0 673 691 22
span 4998268966100463718 0 747 808 23
span 5390024292204575836 0 747 766 23
span 8170194078773495929 0 811 889 24
span 4319142285336939731 0 811 830 24
span 11221090047854386285 0 892 962 25
span 8447259736529351051 0 892 911 25
span 3651111076133385612 0 965 5740 26
span 12737795068560646221 0 1012 1045 28
span 15317527086661136041 0 1012 1021 28
span 11699942312457932530 0 1092 1142 31
span 4194806765520651955 0 1101 1142 31
span 16600032469800366045 0 1092 1098 31
span 13343958887414624969 0 1147 1169 32
span 16893294696903417550 0 1147 1156 32
span 9692575285255894710 0 1211 1254 34
span 5782963941683820150 0 1217 1220 34
span 13963240724426318973 0 1264 1833 36
span 17889958611134722645 0 1273 1833 36
span 17366001969159460166 0 1264 1270 36
span 16434869121724355202 0 1838 1847 37
span 15742474256804407922 0 1898 1942 39
span 6058630126606956252 0 1904 1908 39
span 12663513560533191123 0 1952 2597 41
span 10806632286694474204 0 1961 2597 41
span 10675332086980661987 0 1952 1958 41
span 8911904984153560936 0 2602 2611 42
span 330793932318265424 0 2662 2706 44
span 2708121738133504625 0 2668 2672 44
span 4023735588664949325 0 2716 3317 46
span 1021661168736976814 0 2725 3317 46
span 12526986176661983915 0 2716 2722 46
span 14366140426593734431 0 3322 3331 47
span 13300220373734650418 0 3382 3415 49
span 6830655329625898555 0 3382 3391 49
span 3934280725277058189 0 3457 3490 51
span 15088282901367836386 0 3457 3466 51
span 2351528639969439676 0 3532 3575 53
span 3023688174778495055 0 3538 3542 53
span 5732250619923438743 0 3585 4185 55
span 1172531489286772682 0 3594 4185 55
span 14752283080138068739 0 3585 3591 55
span 11320094322469635780 0 4190 4199 56
span 17759512404846356722 0 4250 4294 58
span 9053095376984172822 0 4256 4260 58
span 11030290680848233003 0 4304 4910 60
span 586568385208841272 0 4313 4910 60
span 16460132937099554497 0 4304 4310 60
span 13411346632474766317 0 4915 4924 61
span 7050568181744310466 0 4980 5056 64
span 2516344000319148506 0 4989 5056 64
span 16469368704025678988 0 4980 4986 64
span 2277434674906179721 0 5061 5083 65
span 13341653684910545092 0 5061 5070 65
span 2312996128506010732 0 5126 5173 67
span 16781120948891460090 0 5126 5135 67
span 9638097176428235342 0 5221 5298 70
span 989438692693633216 0 5230 5298 70
span 5359233445720288114 0 5221 5227 70
span 17860485714037520797 0 5303 5325 71
span 17433087126181926198 0 5303 5312 71
span 1011147594551305825 0 5373 5424 74
span 4462509619905282500 0 5382 5424 74
span 1856639240400667920 0 5373 5379 74
span 12133788173206787463 0 5429 5451 75
span 17676674316512276922 0 5429 5438 75
span 13535511709917298210 0 5499 5551 78
span 9351513299945653970 0 5509 5551 78
span 17400637308213487009 0 5499 5506 78
span 14815187881102558318 0 5556 5579 79
span 13803005873457081833 0 5556 5565 79
span 1708799504372971014 0 5627 5679 82
span 6281259259755065909 0 5637 5679 82
span 15818015659911113739 0 5627 5634 82
span 13271922711456863546 0 5684 5707 83
span 11047183659377159316 0 5684 5693 83
span 1992111657875657994 0 5723 5732 85
span 8320561270552132332 0 5743 5752 87
