hhds_srcmap 1
file 0 dino2/pyrope/DualIssueIssueUnit.prp
filehash 0 1660029794748255713
filelines 0 75 0 182 203 222 253 284 315 345 375 406 436 459 490 521 543 565 592 651 682 741 772 830 861 920 952 1011 1043 1103 1135 1194 1226 1286 1345 1374 1434 1494 1527 1589 1622 1679 1737 1795 1854 1913 1971 2029 2086 2144 2202 2260 2318 2377 2436 2494 2552 2610 2684 2758 2820 3502 3624 3733 3772 3794 3827 3867 3871 3886 3912 3970 4011 4015 4041 4104 4106
file 1 dino2/pyrope/DualIssueRegisterFile.prp
filehash 1 15549089919572060334
filelines 1 823 0 403 424 446 468 490 512 534 556 578 600 622 644 665 687 709 731 753 775 797 819 841 863 885 906 927 948 969 990 1011 1032 1053 1072 1090 1108 1126 1144 1162 1180 1198 1216 1234 1252 1270 1288 1306 1324 1342 1360 1378 1396 1414 1432 1450 1468 1486 1504 1522 1540 1558 1576 1594 1612 1630 1648 1666 1686 1708 1730 1752 1769 1786 1803 1820 1837 1854 1871 1888 1905 1922 1940 1958 1976 1994 2012 2030 2048 2066 2084 2102 2120 2138 2156 2174 2192 2210 2228 2246 2264 2282 2300 2318 2355 2360 2383 2417 2440 2474 2497 2531 2554 2588 2611 2645 2668 2702 2725 2759 2782 2816 2839 2873 2896 2931 2955 2990 3014 3049 3073 3108 3132 3167 3191 3226 3250 3285 3309 3344 3368 3403 3427 3462 3486 3521 3545 3580 3604 3639 3663 3698 3722 3757 3781 3816 3840 3875 3899 3934 3958 3993 4017 4052 4076 4111 4135 4146 4170 4174 4211 4216 4241 4275 4300 4334 4359 4393 4418 4452 4477 4511 4536 4570 4595 4629 4654 4688 4713 4747 4772 4807 4833 4868 4894 4929 4955 4990 5016 5051 5077 5112 5138 5173 5199 5234 5260 5295 5321 5356 5382 5417 5443 5478 5504 5539 5565 5600 5626 5661 5687 5722 5748 5783 5809 5844 5870 5905 5931 5966 5992 6027 6053 6064 6090 6094 6131 6136 6161 6195 6220 6254 6279 6313 6338 6372 6397 6431 6456 6490 6515 6549 6574 6608 6633 6667 6692 6727 6753 6788 6814 6849 6875 6910 6936 6971 6997 7032 7058 7093 7119 7154 7180 7215 7241 7276 7302 7337 7363 7398 7424 7459 7485 7520 7546 7581 7607 7642 7668 7703 7729 7764 7790 7825 7851 7886 7912 7947 7973 7984 8010 8014 8051 8056 8081 8115 8140 8174 8199 8233 8258 8292 8317 8351 8376 8410 8435 8469 8494 8528 8553 8587 8612 8647 8673 8708 8734 8769 8795 8830 8856 8891 8917 8952 8978 9013 9039 9074 9100 9135 9161 9196 9222 9257 9283 9318 9344 9379 9405 9440 9466 9501 9527 9562 9588 9623 9649 9684 9710 9745 9771 9806 9832 9867 9893 9904 9930 9934 9992 10012 10070 10092 10150 10172 10230 10252 10310 10332 10390 10412 10470 10492 10550 10572 10630 10652 10711 10734 10794 10817 10877 10901 10961 10985 11045 11069 11129 11153 11213 11237 11297 11321 11381 11405 11465 11489 11549 11573 11633 11657 11717 11741 11801 11825 11885 11909 11969 11993 12053 12077 12137 12161 12221 12245 12305 12329 12389 12413 12473 12497 12572 12624 12647 12681 12687 12712 12746 12752 12777 12811 12817 12842 12876 12882 12907 12941 12947 12972 13006 13012 13037 13071 13077 13102 13136 13142 13167 13201 13207 13232 13266 13272 13297 13332 13338 13364 13399 13405 13431 13466 13472 13498 13533 13539 13565 13600 13606 13632 13667 13673 13699 13734 13740 13766 13801 13807 13833 13868 13874 13900 13935 13941 13967 14002 14008 14034 14069 14075 14101 14136 14142 14168 14203 14209 14235 14270 14276 14302 14337 14343 14369 14404 14410 14436 14471 14477 14503 14538 14544 14570 14605 14611 14637 14672 14678 14711 14746 14752 14763 14803 14837 14850 14857 14916 14957 14993 15001 15007 15049 15083 15096 15103 15162 15203 15239 15247 15253 15295 15329 15342 15349 15408 15449 15485 15493 15499 15541 15575 15588 15595 15654 15695 15731 15739 15745 15787 15821 15834 15841 15900 15941 15977 15985 15991 16033 16067 16080 16087 16146 16187 16223 16231 16237 16279 16313 16326 16333 16392 16433 16469 16477 16483 16525 16559 16572 16579 16638 16679 16715 16723 16729 16771 16805 16818 16825 16884 16925 16961 16969 16975 17017 17051 17064 17071 17130 17171 17207 17215 17221 17263 17298 17311 17318 17378 17419 17456 17464 17470 17513 17548 17561 17568 17628 17669 17706 17714 17720 17763 17798 17811 17818 17878 17919 17956 17964 17970 18013 18048 18061 18068 18128 18169 18206 18214 18220 18263 18298 18311 18318 18378 18419 18456 18464 18470 18513 18548 18561 18568 18628 18669 18706 18714 18720 18763 18798 18811 18818 18878 18919 18956 18964 18970 19013 19048 19061 19068 19128 19169 19206 19214 19220 19263 19298 19311 19318 19378 19419 19456 19464 19470 19513 19548 19561 19568 19628 19669 19706 19714 19720 19763 19798 19811 19818 19878 19919 19956 19964 19970 20013 20048 20061 20068 20128 20169 20206 20214 20220 20263 20298 20311 20318 20378 20419 20456 20464 20470 20513 20548 20561 20568 20628 20669 20706 20714 20720 20763 20798 20811 20818 20878 20919 20956 20964 20970 21013 21048 21061 21068 21128 21169 21206 21214 21220 21263 21298 21311 21318 21378 21419 21456 21464 21470 21513 21548 21561 21568 21628 21669 21706 21714 21720 21763 21798 21811 21818 21878 21919 21956 21964 21970 22013 22048 22061 22068 22128 22169 22206 22214 22220 22263 22298 22311 22318 22378 22419 22456 22464 22470 22475 22533 22572 22607 22620 22627 22687 22728 22765 22773 22779 22783 22816 22851 22886 22921 22923
file 2 dino2/pyrope/StageReg.prp
filehash 2 16723292877472109532
filelines 2 28 0 216 233 259 276 297 315 339 359 374 385 408 434 451 464 489 533 559 567 573 578 655 698 702 742 774 796 798
file 3 dino2/pyrope/StageReg_2.prp
filehash 3 3687491674727045555
filelines 3 57 0 344 361 378 395 412 429 446 472 494 518 542 563 581 605 625 640 662 684 704 715 720 783 788 828 848 871 888 894 899 935 964 987 1004 1010 1015 1053 1078 1101 1118 1124 1129 1167 1194 1217 1234 1240 1290 1317 1321 1361 1393 1415 1451 1487 1519 1521
file 4 dino2/pyrope/StageReg_4.prp
filehash 4 11134653093066362173
filelines 4 68 0 697 714 731 748 775 802 828 854 882 912 946 976 1004 1031 1061 1079 1105 1132 1158 1187 1220 1245 1270 1299 1326 1355 1381 1392 1397 1437 1499 1561 1621 1644 1661 1667 1672 1716 1780 1810 1833 1850 1856 1861 1903 1937 2013 2081 2104 2121 2127 2159 2227 2289 2293 2337 2383 2427 2477 2535 2577 2619 2669 2715 2765 2809 2811
file 5 dino2/pyrope/StageReg_8.prp
filehash 5 7817049667420168279
filelines 5 21 0 249 266 294 321 351 369 396 425 451 462 467 541 573 641 703 707 753 803 847 849
file 6 dino2/pyrope/StageReg_10.prp
filehash 6 9203297993606745511
filelines 6 18 0 214 237 261 287 305 327 351 372 383 419 459 493 497 533 573 607 609
file 7 dino2/pyrope/StageReg_12.prp
filehash 7 12288936143647853869
filelines 7 14 0 183 210 240 258 287 313 324 374 418 422 472 516 518
file 8 dino2/pyrope/StageReg_6.prp
filehash 8 7233361211095308102
filelines 8 51 0 354 371 388 405 422 446 474 495 514 540 561 579 601 625 645 671 690 708 719 724 794 799 841 868 891 908 914 919 954 985 1008 1025 1031 1036 1076 1100 1146 1169 1186 1192 1221 1271 1275 1311 1351 1383 1427 1457 1485 1487
file 9 dino2/pyrope/ImmediateGenerator.prp
filehash 9 5338560799435971103
filelines 9 23 0 102 142 183 225 267 309 351 393 435 477 584 1473 2362 3284 4172 5143 6033 6888 7457 7995 8018 8020
file 10 dino2/pyrope/Control.prp
filehash 10 17549580833692210164
filelines 10 80 0 216 237 258 279 300 321 340 369 398 426 454 481 508 536 564 592 619 647 668 689 710 761 789 840 868 918 948 999 1027 1078 1107 1158 1187 1238 1267 1319 1348 1400 1429 1481 1511 1563 1614 1738 1769 1820 1873 1945 1997 2041 2130 2230 2402 2423 2439 2443 2519 2588 2657 2732 2799 2872 2892 2922 2938 2942 3138 3203 3227 3346 3377 3393 3397 3466 3487 3705 3757 3874 3876
file 11 dino2/pyrope/ALUControl.prp
filehash 11 2432089495623656380
filelines 11 39 0 137 154 171 188 205 222 242 271 276 324 329 410 415 517 522 545 571 610 636 654 680 698 724 742 768 773 862 867 967 990 1016 1034 1045 1063 1067 1135 1159 1161
file 12 dino2/pyrope/DualIssueForwardingUnit.prp
filehash 12 5651259125202624367
filelines 12 53 0 400 470 526 596 652 721 777 846 902 980 1072 1166 1260 1290 1361 1418 1489 1546 1616 1673 1743 1800 1881 1976 2072 2168 2198 2269 2326 2397 2454 2524 2581 2651 2708 2845 2941 3037 3067 3138 3195 3266 3323 3393 3450 3520 3577 3714 3810 3906 3936 3938
file 13 dino2/pyrope/DualIssueHazardUnit.prp
filehash 13 13351310534348974039
filelines 13 23 0 403 422 453 480 549 620 691 762 833 904 975 1046 1117 1256 1316 1357 1408 1448 1484 1524 1556 1558
file 14 dino2/pyrope/ALU.prp
filehash 14 4152857923937286009
filelines 14 38 0 98 118 158 196 233 297 334 503 540 799 836 1016 1053 1091 1128 1166 1203 1383 1420 1633 1670 1760 1798 1850 1888 1979 2017 2082 2120 2185 2223 2288 2299 2317 2321 2345 2347
file 15 dino2/pyrope/DualIssueNextPC.prp
filehash 15 751804293209648847
filelines 15 27 0 204 223 273 331 381 439 489 572 622 706 756 814 865 924 1058 1174 1276 1409 1525 1612 1697 1719 1772 1847 1868 1870
file 16 dino2/pyrope/PipelinedDualIssueCPU.prp
filehash 16 4853458242558188496
filelines 16 346 0 30 81 123 213 291 366 432 516 591 636 690 744 795 846 897 948 949 1346 1364 1384 1406 1428 1450 1492 1525 1567 1600 1640 1680 1693 1737 1781 1832 1874 1917 1938 1989 2031 2074 2095 2140 2194 2239 2293 2343 2393 2437 2490 2540 2590 2634 2687 2732 2786 2831 2885 2936 2974 3025 3063 3066 3069 3072 3075 3078 3081 3084 3087 3090 3093 3096 3099 3102 3105 3108 3111 3114 3117 3120 3123 3126 3129 3132 3135 3138 3141 3144 3147 3150 3153 3156 3159 3202 3245 3285 3306 3326 3373 3420 3441 3462 3483 3504 3525 3547 3568 3590 3612 3664 3737 3810 3863 3916 3920 3972 4006 4059 4112 4116 4150 4507 4590 4673 5358 5965 6572 6683 6794 7129 7464 8560 8641 8722 9666 9902 9971 10246 10315 10690 10759 11134 11203 11877 11960 12043 12132 12217 12891 12974 13057 13146 13231 13555 13646 13970 14061 14286 14351 14418 14489 14714 14779 14846 14917 15144 15229 15320 15547 15632 15652 15704 15795 15818 15860 15914 15918 15985 16012 16054 16123 16127 16183 16208 16250 16308 16312 16382 16411 16453 16525 16529 16590 16618 16660 16723 16727 16791 16820 16862 16928 16932 17003 17032 17074 17147 17151 17176 17225 17230 17276 17322 17370 17416 17464 17510 17549 17595 17634 17680 17698 17744 17762 17773 17791 17795 17844 17849 17897 17943 17993 18039 18089 18135 18176 18222 18263 18309 18329 18375 18395 18406 18426 18430 18479 18484 18532 18578 18598 18644 18694 18740 18790 18836 18877 18923 18964 19010 19030 19041 19061 19065 19114 19119 19167 19213 19233 19279 19329 19375 19425 19471 19512 19558 19599 19645 19665 19676 19696 19700 19718 19729 19740 19777 19784 19791 19798 19941 19960 19973 20016 20032 20040 20060 20094 20102 20108 20112 20242 20321 20471 20588 20703 20736 20786 20832 20836 20915 21065 21182 21297 21353 21393 21451 21455 21623 21732 21843 22013 22146 22289 22618 22649 22707 22758 22762 22863 23239 23306 23381 23442 23501 23532 23603 23661 23712 23716 23817 24186 24253 24328 24389 24448 24519 24582 24584
span 3716717231324336155 0 3644 3732 61
span 13635132095485072670 0 3796 3870 64
span 14635538551685360167 0 3914 4014 69
span 4546379887667214977 0 4043 4103 73
span 2719282724482572522 0 0 4105 1
span 2692241718463861807 0 567 591 16
span 6085886598480907694 0 607 650 17
span 14100207700240869509 0 697 740 19
span 13194174183696210260 0 787 829 21
span 16583821593804128113 0 876 919 23
span 3057590649128791516 0 967 1010 25
span 8998886074370858069 0 1058 1102 27
span 11423377296881823901 0 1150 1193 29
span 17521744930317553262 0 1241 1285 31
span 18150495465213691564 0 1301 1344 32
span 9625336029969165093 0 1390 1433 34
span 12516356575259125929 0 1450 1493 35
span 6940127774221616923 0 1543 1588 37
span 1151975827398129350 0 2822 3501 59
span 11668979292227497569 0 3504 3623 60
span 3247919855572827978 0 3626 3732 61
span 7353149101716432430 0 3831 3866 65
span 16440492534743631479 0 3974 4010 70
span 11403538056887101351 1 2320 4173 102
span 705331649046962545 1 4176 6093 168
span 11309850021536450949 1 6096 8013 234
span 9050352058795032425 1 8016 9933 300
span 13725869244951176667 1 0 22922 1
span 2197024196476718457 1 1758 1764 70
span 8812287026671565160 1 1775 1781 71
span 11698283688944217714 1 1792 1798 72
span 9746350730298927525 1 1809 1815 73
span 6111527131098415669 1 1826 1832 74
span 643891104966117075 1 1843 1849 75
span 12423729924293588940 1 1860 1866 76
span 1641180708119936619 1 1877 1883 77
span 12980015948963541393 1 1894 1900 78
span 2528009253043617955 1 1911 1917 79
span 6787156320005651523 1 1928 1935 80
span 3044674335214914965 1 1946 1953 81
span 15307853472603898343 1 1964 1971 82
span 10427165118758078906 1 1982 1989 83
span 18268201990468286623 1 2000 2007 84
span 15103742699912002628 1 2018 2025 85
span 10202253887620717901 1 2036 2043 86
span 6812970641418070259 1 2054 2061 87
span 16075116919905051488 1 2072 2079 88
span 13473671228448864262 1 2090 2097 89
span 16638537082558250047 1 2108 2115 90
span 7785952773323568682 1 2126 2133 91
span 3329287431968498125 1 2144 2151 92
span 3121106661794547140 1 2162 2169 93
span 7150783471304637781 1 2180 2187 94
span 3820347493931725770 1 2198 2205 95
span 4383593192731671259 1 2216 2223 96
span 2224359542946327184 1 2234 2241 97
span 18393281573425029653 1 2252 2259 98
span 17057286992846530913 1 2270 2277 99
span 17393470861739545402 1 2288 2295 100
span 1423366922455341064 1 2306 2313 101
span 8962734942666305750 1 9949 9991 366
span 3170915282841209630 1 10027 10069 368
span 1105251813161829727 1 10107 10149 370
span 1234074106640038054 1 10187 10229 372
span 15316510097933849993 1 10267 10309 374
span 9746880792273025641 1 10347 10389 376
span 7409065772698134693 1 10427 10469 378
span 11691478404952367733 1 10507 10549 380
span 8611129676804213659 1 10587 10629 382
span 3914192160945805390 1 10668 10710 384
span 13612886567583821891 1 10750 10793 386
span 3344655396475813756 1 10833 10876 388
span 4837542358686505403 1 10917 10960 390
span 6615407825853632563 1 11001 11044 392
span 8129952429781173731 1 11085 11128 394
span 10491101188308308416 1 11169 11212 396
span 1621325873452561478 1 11253 11296 398
span 483521158602988454 1 11337 11380 400
span 15821566673240078268 1 11421 11464 402
span 6654497870966994621 1 11505 11548 404
span 17844051404908470830 1 11589 11632 406
span 17806323128618648421 1 11673 11716 408
span 8559687762100118659 1 11757 11800 410
span 17320252453535951690 1 11841 11884 412
span 14612291632170366544 1 11925 11968 414
span 996982031980313042 1 12009 12052 416
span 12675386689516214339 1 12093 12136 418
span 5140995534091318250 1 12177 12220 420
span 678789294513927862 1 12261 12304 422
span 9571559316059820659 1 12345 12388 424
span 9384098489776473268 1 12429 12472 426
span 12333194184325259282 1 12574 22782 429
span 3162975668051863078 1 12628 12686 430
span 8978380279631181244 1 12691 12751 433
span 18389124516108887588 1 12756 12816 436
span 17773205564983544910 1 12821 12881 439
span 1975097343120626002 1 12886 12946 442
span 14517734227447808757 1 12951 13011 445
span 18143624154201136265 1 13016 13076 448
span 6201228441942957452 1 13081 13141 451
span 17116497363874554918 1 13146 13206 454
span 37114329635554371 1 13211 13271 457
span 8393993543821839098 1 13276 13337 460
span 7390390951340897527 1 13342 13404 463
span 10380974402699015365 1 13409 13471 466
span 13437207067070623563 1 13476 13538 469
span 7561867096487810369 1 13543 13605 472
span 7863707057293459318 1 13610 13672 475
span 7597970435716453088 1 13677 13739 478
span 760391927617555702 1 13744 13806 481
span 790992824489693334 1 13811 13873 484
span 15689149541121427436 1 13878 13940 487
span 12936512539038350653 1 13945 14007 490
span 16199616702832690045 1 14012 14074 493
span 8130599802320164827 1 14079 14141 496
span 16280309295631304737 1 14146 14208 499
span 3344701534540443416 1 14213 14275 502
span 17559267024012717225 1 14280 14342 505
span 4848790611301086858 1 14347 14409 508
span 17139782469446632616 1 14414 14476 511
span 9402308753462982109 1 14481 14543 514
span 5489521116103105639 1 14548 14610 517
span 12599562499450229436 1 14615 14677 520
span 6604986521486658062 1 14682 14751 523
span 4157840636067204795 1 14767 15006 527
span 8355145207500789491 1 14863 14915 531
span 10444056574920849005 1 14873 14915 531
span 8279416396965562955 1 14922 15000 532
span 8112074773656586559 1 15011 15252 536
span 13512021940181927590 1 15109 15161 540
span 3746277101105942493 1 15119 15161 540
span 10983703555704433200 1 15168 15246 541
span 1550972842522522829 1 15257 15498 545
span 10805785825324957144 1 15355 15407 549
span 7261872122300703008 1 15365 15407 549
span 9152446761928774685 1 15414 15492 550
span 2399262979598463352 1 15503 15744 554
span 11371384138107376183 1 15601 15653 558
span 6344787346727121083 1 15611 15653 558
span 4538597895658988181 1 15660 15738 559
span 12320095070427482558 1 15749 15990 563
span 1443818907868725842 1 15847 15899 567
span 14442806638789145761 1 15857 15899 567
span 17219091397382566981 1 15906 15984 568
span 11784987810643904304 1 15995 16236 572
span 1870451993675445859 1 16093 16145 576
span 10704782851605965378 1 16103 16145 576
span 2485171857665066801 1 16152 16230 577
span 18012574847497513885 1 16241 16482 581
span 5163617619909730470 1 16339 16391 585
span 1170198761946812729 1 16349 16391 585
span 13664476513466221913 1 16398 16476 586
span 15007081399018052675 1 16487 16728 590
span 9694860690662570820 1 16585 16637 594
span 15489983202682341605 1 16595 16637 594
span 2251806393548897463 1 16644 16722 595
span 14762350209375426475 1 16733 16974 599
span 3532094779894500467 1 16831 16883 603
span 8939103424767486361 1 16841 16883 603
span 2896400080841307282 1 16890 16968 604
span 2733801855387128005 1 16979 17220 608
span 6507415427345888223 1 17077 17129 612
span 18180261111198761326 1 17087 17129 612
span 11477023169282866515 1 17136 17214 613
span 3878914590785863125 1 17225 17469 617
span 12681544709587391804 1 17324 17377 621
span 10366104183017445987 1 17334 17377 621
span 13580114890595834521 1 17384 17463 622
span 5426599315244735084 1 17474 17719 626
span 4239842256694841304 1 17574 17627 630
span 1909874436435440175 1 17584 17627 630
span 5515896207595092707 1 17634 17713 631
span 4570264606877051627 1 17724 17969 635
span 9775954715674207939 1 17824 17877 639
span 11179379389746551160 1 17834 17877 639
span 14523277929830314607 1 17884 17963 640
span 16821869578034690460 1 17974 18219 644
span 556985320999084374 1 18074 18127 648
span 5796172387181136172 1 18084 18127 648
span 4171508381607650126 1 18134 18213 649
span 565996044602531201 1 18224 18469 653
span 15966073584427762997 1 18324 18377 657
span 2022299653323311559 1 18334 18377 657
span 1222504477274577293 1 18384 18463 658
span 8680071740695715487 1 18474 18719 662
span 11267748812184055568 1 18574 18627 666
span 10589165540300320165 1 18584 18627 666
span 2949443447230415883 1 18634 18713 667
span 10874309808179401000 1 18724 18969 671
span 11233069772221054960 1 18824 18877 675
span 10109132778476810331 1 18834 18877 675
span 8597368556886614680 1 18884 18963 676
span 7382363788071931065 1 18974 19219 680
span 17503988730204587481 1 19074 19127 684
span 17563427412853792476 1 19084 19127 684
span 6211171013090231638 1 19134 19213 685
span 15056661690993380027 1 19224 19469 689
span 8005955495633153571 1 19324 19377 693
span 7368411670516248534 1 19334 19377 693
span 16020278669794327114 1 19384 19463 694
span 8482087234766794442 1 19474 19719 698
span 14991928108694419292 1 19574 19627 702
span 14952957910992968042 1 19584 19627 702
span 92136308395363249 1 19634 19713 703
span 12589931592416486317 1 19724 19969 707
span 15289692834358451421 1 19824 19877 711
span 5796937664217511266 1 19834 19877 711
span 946521151672383005 1 19884 19963 712
span 1200582780855161320 1 19974 20219 716
span 7426077102743016271 1 20074 20127 720
span 14962037058126935270 1 20084 20127 720
span 2658847349035493579 1 20134 20213 721
span 15150198853772760544 1 20224 20469 725
span 8122660721593105786 1 20324 20377 729
span 5959605714583090549 1 20334 20377 729
span 14163946213131583259 1 20384 20463 730
span 4667629704162302302 1 20474 20719 734
span 4229540034501600317 1 20574 20627 738
span 6370909809911084104 1 20584 20627 738
span 10008623140551343570 1 20634 20713 739
span 9119205672627104145 1 20724 20969 743
span 8565668123598392240 1 20824 20877 747
span 18446641367329586058 1 20834 20877 747
span 1742679975360004206 1 20884 20963 748
span 9685409207362320107 1 20974 21219 752
span 6582070402377147340 1 21074 21127 756
span 4774307128346034806 1 21084 21127 756
span 4238510683083518349 1 21134 21213 757
span 4982214629772337544 1 21224 21469 761
span 80645502067733454 1 21324 21377 765
span 13418886901982804946 1 21334 21377 765
span 9533091916595836675 1 21384 21463 766
span 804463447107225124 1 21474 21719 770
span 7490573667706152078 1 21574 21627 774
span 18228581325811720920 1 21584 21627 774
span 123654150098715197 1 21634 21713 775
span 17034789339799699577 1 21724 21969 779
span 9814127552699494218 1 21824 21877 783
span 7663508322271638972 1 21834 21877 783
span 688360155135398895 1 21884 21963 784
span 2866642392373552216 1 21974 22219 788
span 11276071885220039431 1 22074 22127 792
span 12930580828815212326 1 22084 22127 792
span 8862629852559686672 1 22134 22213 793
span 6934382370911213941 1 22224 22469 797
span 3463197547965495879 1 22324 22377 801
span 4988323119784274424 1 22334 22377 801
span 14550879392123299901 1 22384 22463 802
span 13652453747624592387 1 22479 22532 807
span 1944028281936213958 1 22489 22532 807
span 11902646137275160943 1 22537 22778 808
span 15809548952023228604 1 22633 22686 812
span 12878603843479168285 1 22643 22686 812
span 6089440018818529112 1 22693 22772 813
span 6087794563933495393 2 239 254 3
span 3643458665569363080 2 265 271 4
span 14827849543190587135 2 282 293 5
span 1719784780335531670 2 0 797 1
span 7392870458026672282 2 299 701 6
span 14866930627550188344 2 389 572 11
span 14893647345220321481 2 470 566 15
span 5988241086525532203 2 582 654 21
span 562420511031796686 2 591 654 21
span 8240430673861776120 2 659 697 22
span 5966512974512914251 3 435 441 7
span 3123903287474781532 3 452 467 8
span 1115288971451786830 3 478 489 9
span 11814874476607334767 3 500 513 10
span 11230257700975798192 3 524 537 11
span 14955820792110223566 3 548 559 12
span 12897480824496669504 3 0 1520 1
span 5773262857623398307 3 565 1320 13
span 6536464660564526257 3 724 782 22
span 17445946370218813040 3 733 782 22
span 247885095499299071 3 792 827 24
span 6901210424191351612 3 852 893 26
span 11753425928442009103 3 903 934 30
span 949535515776813602 3 968 1009 32
span 3104365173275458993 3 1019 1052 36
span 6764732646882133663 3 1082 1123 38
span 14102642224089472494 3 1133 1166 42
span 15377388332416410189 3 1198 1239 44
span 12888916433912855330 3 1244 1289 47
span 11316426709948174850 4 754 771 5
span 15306329388999912810 4 781 798 6
span 790569132491592077 4 808 824 7
span 14674624068141651001 4 834 850 8
span 3845680107302452809 4 860 878 9
span 17113833263819294965 4 888 908 10
span 3000489612799760435 4 918 942 11
span 8812137196210835691 4 952 972 12
span 9573388256756005885 4 982 1000 13
span 1223379818109718120 4 1010 1027 14
span 11793203771175965051 4 1037 1057 15
span 2012261905405081871 4 0 2810 1
span 7277852383933317175 4 1063 2292 16
span 18108653259634324624 4 1401 1436 30
span 5453514946164888516 4 1441 1498 31
span 12485653090297582807 4 1503 1560 32
span 10065432738902673318 4 1565 1620 33
span 15346074346872242011 4 1625 1666 34
span 7841527732641926524 4 1676 1715 38
span 17720534043496861369 4 1720 1779 39
span 17502546230766441026 4 1814 1855 41
span 2385519755710999923 4 1865 1902 45
span 15015665549359492569 4 1941 2012 47
span 12983235874228774478 4 2017 2080 48
span 12719139115743809007 4 2085 2126 49
span 14768175910474562831 4 2163 2226 53
span 10417899455407827004 4 2231 2288 54
span 2426585561507007005 5 272 290 3
span 10346493141349846242 5 300 317 4
span 15080326021643746867 5 327 347 5
span 1661149884686125829 5 0 848 1
span 1146567464706963349 5 353 706 6
span 17301845513531101546 5 471 540 12
span 10190981994165756739 5 480 540 12
span 10653003857092190803 5 577 640 14
span 736419326586870352 5 645 702 15
span 16467290582669586863 6 220 232 2
span 5217814672745596542 6 243 256 3
span 4883410240534893601 6 267 282 4
span 11112294233797714530 6 289 496 5
span 17794394079238172608 7 189 206 2
span 7848161435459838186 7 216 236 3
span 15464259072421010527 7 242 421 4
span 15564199962914468071 8 428 441 6
span 14018296783747867386 8 452 469 7
span 297011964053350439 8 480 490 8
span 13578004864190895057 8 501 510 9
span 350392403468406735 8 520 535 10
span 4692825593767792646 8 546 557 11
span 10705916478104228198 8 0 1486 1
span 13358648624695365441 8 563 1274 12
span 14204028639188639488 8 728 793 21
span 11536647653164419197 8 737 793 21
span 8494651664468376346 8 803 840 23
span 4955296630038753337 8 872 913 25
span 15023763993578637328 8 923 953 29
span 16509129137084011859 8 989 1030 31
span 13280356030716867237 8 1040 1075 35
span 17508129576607295529 8 1104 1145 37
span 4839186573793455015 8 1150 1191 38
span 13484019363762706802 8 1225 1270 42
span 14829578581044093855 9 7477 7994 20
span 12730310080465061096 9 0 8019 1
span 4234848516714745691 9 104 141 2
span 10952596487870262893 9 144 182 3
span 8388711768683578192 9 185 224 4
span 8876051353345843077 9 227 266 5
span 10016896635850158304 9 269 308 6
span 10470022202307596477 9 311 350 7
span 14763883679630584993 9 353 392 8
span 8184442155886405245 9 395 434 9
span 8009562103745175109 9 437 476 10
span 12923967902570364612 9 479 583 11
span 1990381209601877674 9 586 1472 12
span 6675723069238004697 9 1475 2361 13
span 14866067270582629589 9 2364 3283 14
span 10084438988494222045 9 3286 4171 15
span 17881038556628497420 9 4174 5142 16
span 9571070053382864350 9 5145 6032 17
span 14770766976698716146 9 6035 6887 18
span 6353188124993371758 9 6890 7456 19
span 9838247231509946241 9 7459 7994 20
span 15018254810981939723 10 2132 2229 52
span 12882880964715311463 10 2043 2129 51
span 6426383255754633910 10 2232 2401 53
span 1722809234831507044 10 2676 2731 60
span 17469072146531870167 10 2801 2871 62
span 11327254797942201246 10 2961 3137 67
span 5634388170566470358 10 3229 3345 70
span 15828849505767622908 10 3416 3465 74
span 12831476605371835498 10 3707 3756 77
span 7652711293313027676 10 3489 3704 76
span 12872272752777698207 10 3759 3873 78
span 15501026670450228949 10 0 3875 1
span 2416107891707976966 10 725 760 22
span 2730846713256205705 10 804 839 24
span 9406636529919144245 10 883 917 26
span 5299325529873338535 10 963 998 28
span 4101096407372344285 10 1042 1077 30
span 4312188564324683291 10 1122 1157 32
span 1390965260997447998 10 1202 1237 34
span 9177705070565215347 10 1282 1318 36
span 3602249123261539341 10 1363 1399 38
span 12055274153504788319 10 1445 1480 40
span 4966442726654530283 10 1527 1562 42
span 17248902620516839409 10 1616 1737 44
span 8687445160082276456 10 1771 1819 46
span 2603182124892827885 10 2445 2518 57
span 13626227896252317932 10 2521 2587 58
span 17189540548352478863 10 2590 2656 59
span 18274462297034773237 10 2659 2731 60
span 10701822270172431893 10 2944 3137 67
span 4677138069841660548 10 3399 3465 74
span 43962859882198756 11 1085 1134 36
span 5037559432667272704 11 0 1160 1
span 2914523020917542061 11 244 1066 8
span 18443774556908144530 11 1069 1134 36
span 2080949396987563770 12 1185 1259 13
span 7931746875938817380 12 2091 2167 26
span 8779239068526164951 12 2960 3036 38
span 7462544376510779246 12 3829 3905 50
span 16424705100753380433 12 0 3937 1
span 17453547678866130071 12 982 1071 11
span 4028767212537367572 12 1074 1165 12
span 2444182882399787449 12 1168 1259 13
span 15396921268600435348 12 1883 1975 24
span 9980962048009697982 12 1978 2071 25
span 5819003767885580959 12 2074 2167 26
span 6087166340999858285 12 2597 2650 34
span 1533491477194733855 12 2710 2844 36
span 7886969571837797388 12 2847 2940 37
span 4985341724252053561 12 2943 3036 38
span 5889413876466410329 12 3466 3519 46
span 3323293049772249237 12 3579 3713 48
span 396951400326205981 12 3716 3809 49
span 12123009780653516946 12 3812 3905 50
span 4565146764233055692 13 482 548 5
span 7805797098845173077 13 1258 1315 15
span 1203000273543604451 13 1359 1407 17
span 12946741833723436767 13 0 1557 1
span 711004445729303503 13 1119 1255 14
span 9329928264380869341 14 120 2320 3
span 5079325914774930735 14 0 2346 1
span 14720484020575496466 15 1632 1696 21
span 10486760613404461788 15 1791 1846 24
span 2641954875310600437 15 0 1869 1
span 10620128125453901245 15 926 1057 15
span 115063121856484501 15 1060 1173 16
span 8793596834698723564 15 1176 1275 17
span 15836015054252821793 15 1278 1408 18
span 13676845807826919316 15 1411 1524 19
span 17574084226523385184 15 1527 1611 20
span 2370345577729180843 15 1614 1696 21
span 12580895424021148025 15 1774 1846 24
span 13942204433699715537 16 1686 1688 30
span 1520086006735166808 16 15820 15917 174
span 2628316410308683184 16 16014 16126 179
span 2445661729315012714 16 16210 16311 184
span 17452498310372246592 16 16413 16528 189
span 16482642779930932265 16 16620 16726 194
span 11929056223349857189 16 16822 16931 199
span 16046663599367681593 16 17034 17150 204
span 599574965052301127 16 949 24583 18
span 4237989813002746358 16 4397 4506 121
span 9281323614660732615 16 4691 5357 124
span 10369956236769410537 16 9686 9901 135
span 18273715155205380940 16 9904 9970 136
span 10460300552994028103 16 9991 10245 137
span 712117907869525551 16 10248 10314 138
span 3415842711901468213 16 10335 10689 139
span 11676644790659862918 16 10692 10758 140
span 1877460525417120604 16 10779 11133 141
span 10338418768010582105 16 11136 11202 142
span 584799775421664367 16 11228 11876 143
span 5521433635767415400 16 12242 12890 148
span 46830104321403283 16 13257 13554 153
span 9624023195314083627 16 13672 13969 155
span 13996503007567557566 16 14082 14285 157
span 18073960886081974750 16 14420 14488 160
span 4604734695625222042 16 14510 14713 161
span 15284981281729951395 16 14848 14916 164
span 1691120178467872781 16 14943 15143 165
span 6541580120358083721 16 15346 15546 168
span 16013291596390989829 16 16058 16122 180
span 4033374642330658235 16 16457 16524 190
span 6697122862151937068 16 16664 16722 195
span 3374249311218718100 16 19702 20111 280
span 10588634727529377673 16 20114 20241 298
span 6742149793003115510 16 20323 20470 300
span 10757009426786792074 16 20473 20587 301
span 3187733625102825455 16 20738 20835 304
span 13470879941255798072 16 20790 20831 305
span 10652002670017089513 16 20917 21064 308
span 13422844762443871440 16 21067 21181 309
span 13611371988568776804 16 21355 21454 312
span 6470016563803809559 16 21397 21450 313
span 370161766447107807 16 21457 21622 315
span 14103163385723996199 16 21625 21731 316
span 4666837731388781126 16 21734 21842 317
span 10507865875622768467 16 21845 22012 318
span 813499336493953476 16 22015 22145 319
span 12473311152479740649 16 22148 22288 320
span 16835529210130769477 16 22651 22761 323
span 11445364731194328253 16 22711 22757 324
span 13056558703662597822 16 22764 22862 326
span 3535513212514787241 16 22884 23238 327
span 16114193459275662858 16 23241 23305 328
span 670877417747079717 16 23534 23602 333
span 16491614893651276536 16 23605 23715 334
span 586803682501682205 16 23665 23711 335
span 8436233752804496244 16 23718 23816 337
span 13489412423385285432 16 23838 24185 338
span 18373576625147691995 16 24188 24252 339
span 146148003641242029 16 24450 24518 343
span 9652599523481110048 16 1700 1732 31
span 8621202437722663821 16 1744 1776 32
span 15023760805260901431 16 2147 2190 42
span 9143127590419998596 16 2246 2289 44
span 13051306339432404390 16 2694 2727 53
span 15425573287856898399 16 2739 2782 54
span 14493457186906690246 16 2793 2826 55
span 3657288904020049311 16 2838 2881 56
span 14320612937570513400 16 2892 2932 57
span 13917493259340254516 16 2981 3021 59
span 15424928364920696631 16 3166 3197 93
span 2374323398377632389 16 3209 3240 94
span 3041794503925385298 16 3252 3281 95
span 12421294110836446143 16 3867 3915 113
span 5920821437451894233 16 4063 4111 118
span 1902140988157522257 16 19804 19940 287
span 2875536143505613438 16 15864 15913 175
span 8161041128038919736 16 16254 16307 185
span 12458115130954655866 16 16866 16927 200
span 421459338284071970 16 17078 17146 205
span 2185802389006662087 16 5881 5964 125
span 11006744268872698616 16 6488 6571 126
span 9618515994053310044 16 7773 8559 131
span 6820815567781614864 16 3812 3919 112
span 3924498529550157140 16 4008 4115 117
span 5099588571122633924 16 7466 8559 131
span 798931718915772388 16 9091 9665 134
span 16974538031182378570 16 19814 19940 287
span 8748434587208048139 16 17178 17794 208
span 3944604349162907558 16 17797 18429 226
span 11249454715454870944 16 18432 19064 244
span 18207790255219958332 16 19067 19699 262
span 1167475802391675503 16 19744 20107 283
span 6976590849616594014 16 19979 20015 290
span 2756317017651333102 16 20046 20101 293
span 5438385666437468124 16 22396 22617 321
span 11883214730708773416 16 22291 22617 321
