hhds_srcmap 1
file 0 dino/pyrope/PipelinedDualIssueCPU.prp
filehash 0 17979340170295442937
filelines 0 358 0 30 81 123 213 291 366 432 516 591 636 690 744 795 846 897 948 949 1346 1364 1409 1444 1483 1528 1563 1602 1622 1644 1666 1688 1730 1763 1805 1838 1878 1918 1931 1975 2019 2070 2112 2155 2176 2227 2269 2312 2333 2378 2432 2477 2531 2581 2631 2675 2728 2778 2828 2872 2925 2970 3024 3069 3123 3174 3212 3263 3301 3304 3307 3310 3313 3316 3319 3322 3325 3328 3331 3334 3337 3340 3343 3346 3349 3352 3355 3358 3361 3364 3367 3370 3373 3376 3379 3382 3385 3388 3391 3394 3397 3440 3483 3523 3544 3564 3611 3658 3679 3700 3721 3742 3763 3785 3806 3828 3850 3902 3975 4048 4101 4154 4158 4210 4244 4297 4350 4354 4388 4745 4828 4911 5596 6203 6810 6921 6967 7078 7124 7459 7515 7850 7906 9002 9083 9164 10108 10344 10413 10688 10757 11148 11217 11608 11677 12351 12434 12517 12606 12691 13365 13448 13531 13620 13705 14029 14120 14444 14535 14760 14825 14892 14963 15188 15253 15320 15391 15618 15703 15794 16021 16106 16126 16178 16269 16292 16334 16388 16392 16459 16486 16528 16597 16601 16657 16682 16724 16782 16786 16856 16885 16927 16999 17003 17064 17092 17134 17197 17201 17265 17294 17336 17402 17406 17477 17506 17548 17621 17625 17650 17699 17704 17750 17796 17844 17890 17938 17984 18023 18069 18108 18154 18172 18218 18236 18247 18265 18269 18318 18323 18371 18417 18467 18513 18563 18609 18650 18696 18737 18783 18803 18849 18869 18880 18900 18904 18953 18958 19006 19052 19072 19118 19168 19214 19264 19310 19351 19397 19438 19484 19504 19515 19535 19539 19588 19593 19641 19687 19707 19753 19803 19849 19899 19945 19986 20032 20073 20119 20139 20150 20170 20174 20192 20203 20214 20251 20258 20265 20272 20415 20434 20447 20490 20506 20514 20534 20568 20576 20582 20586 20716 20795 20945 21062 21195 21228 21267 21317 21363 21367 21446 21596 21713 21846 21902 21941 21981 22039 22043 22211 22320 22431 22601 22734 22877 23206 23252 23310 23361 23365 23466 23842 23909 23984 24045 24104 24150 24221 24279 24330 24334 24435 24804 24871 24946 25007 25066 25137 25200 25202
file 1 dino/pyrope/DualIssueIssueUnit.prp
filehash 1 1660029794748255713
filelines 1 75 0 182 203 222 253 284 315 345 375 406 436 459 490 521 543 565 592 651 682 741 772 830 861 920 952 1011 1043 1103 1135 1194 1226 1286 1345 1374 1434 1494 1527 1589 1622 1679 1737 1795 1854 1913 1971 2029 2086 2144 2202 2260 2318 2377 2436 2494 2552 2610 2684 2758 2820 3502 3624 3733 3772 3794 3827 3867 3871 3886 3912 3970 4011 4015 4041 4104 4106
file 2 dino/pyrope/DualIssueRegisterFile.prp
filehash 2 15549089919572060334
filelines 2 823 0 403 424 446 468 490 512 534 556 578 600 622 644 665 687 709 731 753 775 797 819 841 863 885 906 927 948 969 990 1011 1032 1053 1072 1090 1108 1126 1144 1162 1180 1198 1216 1234 1252 1270 1288 1306 1324 1342 1360 1378 1396 1414 1432 1450 1468 1486 1504 1522 1540 1558 1576 1594 1612 1630 1648 1666 1686 1708 1730 1752 1769 1786 1803 1820 1837 1854 1871 1888 1905 1922 1940 1958 1976 1994 2012 2030 2048 2066 2084 2102 2120 2138 2156 2174 2192 2210 2228 2246 2264 2282 2300 2318 2355 2360 2383 2417 2440 2474 2497 2531 2554 2588 2611 2645 2668 2702 2725 2759 2782 2816 2839 2873 2896 2931 2955 2990 3014 3049 3073 3108 3132 3167 3191 3226 3250 3285 3309 3344 3368 3403 3427 3462 3486 3521 3545 3580 3604 3639 3663 3698 3722 3757 3781 3816 3840 3875 3899 3934 3958 3993 4017 4052 4076 4111 4135 4146 4170 4174 4211 4216 4241 4275 4300 4334 4359 4393 4418 4452 4477 4511 4536 4570 4595 4629 4654 4688 4713 4747 4772 4807 4833 4868 4894 4929 4955 4990 5016 5051 5077 5112 5138 5173 5199 5234 5260 5295 5321 5356 5382 5417 5443 5478 5504 5539 5565 5600 5626 5661 5687 5722 5748 5783 5809 5844 5870 5905 5931 5966 5992 6027 6053 6064 6090 6094 6131 6136 6161 6195 6220 6254 6279 6313 6338 6372 6397 6431 6456 6490 6515 6549 6574 6608 6633 6667 6692 6727 6753 6788 6814 6849 6875 6910 6936 6971 6997 7032 7058 7093 7119 7154 7180 7215 7241 7276 7302 7337 7363 7398 7424 7459 7485 7520 7546 7581 7607 7642 7668 7703 7729 7764 7790 7825 7851 7886 7912 7947 7973 7984 8010 8014 8051 8056 8081 8115 8140 8174 8199 8233 8258 8292 8317 8351 8376 8410 8435 8469 8494 8528 8553 8587 8612 8647 8673 8708 8734 8769 8795 8830 8856 8891 8917 8952 8978 9013 9039 9074 9100 9135 9161 9196 9222 9257 9283 9318 9344 9379 9405 9440 9466 9501 9527 9562 9588 9623 9649 9684 9710 9745 9771 9806 9832 9867 9893 9904 9930 9934 9992 10012 10070 10092 10150 10172 10230 10252 10310 10332 10390 10412 10470 10492 10550 10572 10630 10652 10711 10734 10794 10817 10877 10901 10961 10985 11045 11069 11129 11153 11213 11237 11297 11321 11381 11405 11465 11489 11549 11573 11633 11657 11717 11741 11801 11825 11885 11909 11969 11993 12053 12077 12137 12161 12221 12245 12305 12329 12389 12413 12473 12497 12572 12624 12647 12681 12687 12712 12746 12752 12777 12811 12817 12842 12876 12882 12907 12941 12947 12972 13006 13012 13037 13071 13077 13102 13136 13142 13167 13201 13207 13232 13266 13272 13297 13332 13338 13364 13399 13405 13431 13466 13472 13498 13533 13539 13565 13600 13606 13632 13667 13673 13699 13734 13740 13766 13801 13807 13833 13868 13874 13900 13935 13941 13967 14002 14008 14034 14069 14075 14101 14136 14142 14168 14203 14209 14235 14270 14276 14302 14337 14343 14369 14404 14410 14436 14471 14477 14503 14538 14544 14570 14605 14611 14637 14672 14678 14711 14746 14752 14763 14803 14837 14850 14857 14916 14957 14993 15001 15007 15049 15083 15096 15103 15162 15203 15239 15247 15253 15295 15329 15342 15349 15408 15449 15485 15493 15499 15541 15575 15588 15595 15654 15695 15731 15739 15745 15787 15821 15834 15841 15900 15941 15977 15985 15991 16033 16067 16080 16087 16146 16187 16223 16231 16237 16279 16313 16326 16333 16392 16433 16469 16477 16483 16525 16559 16572 16579 16638 16679 16715 16723 16729 16771 16805 16818 16825 16884 16925 16961 16969 16975 17017 17051 17064 17071 17130 17171 17207 17215 17221 17263 17298 17311 17318 17378 17419 17456 17464 17470 17513 17548 17561 17568 17628 17669 17706 17714 17720 17763 17798 17811 17818 17878 17919 17956 17964 17970 18013 18048 18061 18068 18128 18169 18206 18214 18220 18263 18298 18311 18318 18378 18419 18456 18464 18470 18513 18548 18561 18568 18628 18669 18706 18714 18720 18763 18798 18811 18818 18878 18919 18956 18964 18970 19013 19048 19061 19068 19128 19169 19206 19214 19220 19263 19298 19311 19318 19378 19419 19456 19464 19470 19513 19548 19561 19568 19628 19669 19706 19714 19720 19763 19798 19811 19818 19878 19919 19956 19964 19970 20013 20048 20061 20068 20128 20169 20206 20214 20220 20263 20298 20311 20318 20378 20419 20456 20464 20470 20513 20548 20561 20568 20628 20669 20706 20714 20720 20763 20798 20811 20818 20878 20919 20956 20964 20970 21013 21048 21061 21068 21128 21169 21206 21214 21220 21263 21298 21311 21318 21378 21419 21456 21464 21470 21513 21548 21561 21568 21628 21669 21706 21714 21720 21763 21798 21811 21818 21878 21919 21956 21964 21970 22013 22048 22061 22068 22128 22169 22206 22214 22220 22263 22298 22311 22318 22378 22419 22456 22464 22470 22475 22533 22572 22607 22620 22627 22687 22728 22765 22773 22779 22783 22816 22851 22886 22921 22923
file 3 dino/pyrope/Control.prp
filehash 3 17549580833692210164
filelines 3 80 0 216 237 258 279 300 321 340 369 398 426 454 481 508 536 564 592 619 647 668 689 710 761 789 840 868 918 948 999 1027 1078 1107 1158 1187 1238 1267 1319 1348 1400 1429 1481 1511 1563 1614 1738 1769 1820 1873 1945 1997 2041 2130 2230 2402 2423 2439 2443 2519 2588 2657 2732 2799 2872 2892 2922 2938 2942 3138 3203 3227 3346 3377 3393 3397 3466 3487 3705 3757 3874 3876
file 4 dino/pyrope/ImmediateGenerator.prp
filehash 4 5338560799435971103
filelines 4 23 0 102 142 183 225 267 309 351 393 435 477 584 1473 2362 3284 4172 5143 6033 6888 7457 7995 8018 8020
file 5 dino/pyrope/ALUControl.prp
filehash 5 2432089495623656380
filelines 5 39 0 137 154 171 188 205 222 242 271 276 324 329 410 415 517 522 545 571 610 636 654 680 698 724 742 768 773 862 867 967 990 1016 1034 1045 1063 1067 1135 1159 1161
file 6 dino/pyrope/DualIssueForwardingUnit.prp
filehash 6 5651259125202624367
filelines 6 53 0 400 470 526 596 652 721 777 846 902 980 1072 1166 1260 1290 1361 1418 1489 1546 1616 1673 1743 1800 1881 1976 2072 2168 2198 2269 2326 2397 2454 2524 2581 2651 2708 2845 2941 3037 3067 3138 3195 3266 3323 3393 3450 3520 3577 3714 3810 3906 3936 3938
file 7 dino/pyrope/DualIssueHazardUnit.prp
filehash 7 13351310534348974039
filelines 7 23 0 403 422 453 480 549 620 691 762 833 904 975 1046 1117 1256 1316 1357 1408 1448 1484 1524 1556 1558
file 8 dino/pyrope/StageReg.prp
filehash 8 16723292877472109532
filelines 8 28 0 216 233 259 276 297 315 339 359 374 385 408 434 451 464 489 533 559 567 573 578 655 698 702 742 774 796 798
file 9 dino/pyrope/StageReg_2.prp
filehash 9 3687491674727045555
filelines 9 57 0 344 361 378 395 412 429 446 472 494 518 542 563 581 605 625 640 662 684 704 715 720 783 788 828 848 871 888 894 899 935 964 987 1004 1010 1015 1053 1078 1101 1118 1124 1129 1167 1194 1217 1234 1240 1290 1317 1321 1361 1393 1415 1451 1487 1519 1521
file 10 dino/pyrope/StageReg_4.prp
filehash 10 11134653093066362173
filelines 10 68 0 697 714 731 748 775 802 828 854 882 912 946 976 1004 1031 1061 1079 1105 1132 1158 1187 1220 1245 1270 1299 1326 1355 1381 1392 1397 1437 1499 1561 1621 1644 1661 1667 1672 1716 1780 1810 1833 1850 1856 1861 1903 1937 2013 2081 2104 2121 2127 2159 2227 2289 2293 2337 2383 2427 2477 2535 2577 2619 2669 2715 2765 2809 2811
file 11 dino/pyrope/StageReg_8.prp
filehash 11 7817049667420168279
filelines 11 21 0 249 266 294 321 351 369 396 425 451 462 467 541 573 641 703 707 753 803 847 849
file 12 dino/pyrope/StageReg_10.prp
filehash 12 9203297993606745511
filelines 12 18 0 214 237 261 287 305 327 351 372 383 419 459 493 497 533 573 607 609
file 13 dino/pyrope/StageReg_12.prp
filehash 13 12288936143647853869
filelines 13 14 0 183 210 240 258 287 313 324 374 418 422 472 516 518
file 14 dino/pyrope/ALU.prp
filehash 14 3976432345047998552
filelines 14 89 0 98 115 133 151 168 185 202 232 262 291 321 351 381 398 415 432 449 466 486 561 671 745 809 890 963 1003 1008 1046 1083 1088 1143 1170 1207 1255 1260 1834 1857 1894 1943 1948 2598 2621 2658 2707 2712 3318 3341 3378 3416 3453 3491 3528 3576 3581 4186 4209 4246 4295 4300 4911 4934 4971 4976 5057 5084 5122 5174 5212 5217 5299 5326 5364 5369 5425 5452 5490 5495 5552 5580 5618 5623 5680 5708 5719 5737 5741 5765 5767
file 15 dino/pyrope/DualIssueNextPC.prp
filehash 15 751804293209648847
filelines 15 27 0 204 223 273 331 381 439 489 572 622 706 756 814 865 924 1058 1174 1276 1409 1525 1612 1697 1719 1772 1847 1868 1870
file 16 dino/pyrope/StageReg_6.prp
filehash 16 7233361211095308102
filelines 16 51 0 354 371 388 405 422 446 474 495 514 540 561 579 601 625 645 671 690 708 719 724 794 799 841 868 891 908 914 919 954 985 1008 1025 1031 1036 1076 1100 1146 1169 1186 1192 1221 1271 1275 1311 1351 1383 1427 1457 1485 1487
span 9527955505062773196 0 949 25201 18
span 14322150472270207198 0 1924 1926 36
span 12524193761862767810 1 0 4105 1
span 18220958837587275820 1 567 591 16
span 17880113273416220041 1 594 650 17
span 12990320020355764614 1 607 650 17
span 10884792417342819079 1 684 740 19
span 4992128567387955053 1 697 740 19
span 7625542774276815479 1 774 829 21
span 4643272123932325433 1 787 829 21
span 14243456254354616722 1 863 919 23
span 6767864072689184151 1 876 919 23
span 10811951189508263537 1 954 1010 25
span 14024488291484070376 1 967 1010 25
span 11358452953420249367 1 1045 1102 27
span 11987415940725575438 1 1058 1102 27
span 14149374327694538526 1 1137 1193 29
span 12084493822278218088 1 1150 1193 29
span 11377693292764005448 1 1228 1285 31
span 581119754729058372 1 1241 1285 31
span 13251943351693792412 1 1288 1344 32
span 8404688795233238055 1 1301 1344 32
span 11042782783449734853 1 1376 1433 34
span 7241646223875523634 1 1390 1433 34
span 6720525064126376692 1 1436 1493 35
span 14770277725550473914 1 1450 1493 35
span 7821706759885435371 1 1529 1588 37
span 8080029761135893844 1 1543 1588 37
span 10620580224689468757 1 1624 1678 39
span 10266401250677361929 1 1638 1678 39
span 5792445909037552386 1 1681 1736 40
span 6495637102292370777 1 1695 1736 40
span 3053007404232749479 1 1739 1794 41
span 15504266546467803295 1 1753 1794 41
span 9106958999794678049 1 1797 1853 42
span 12305954854681892311 1 1811 1853 42
span 12202654692302162756 1 1856 1912 43
span 8358892745570802200 1 1870 1912 43
span 13840720935004662441 1 1915 1970 44
span 11221882809414810601 1 1929 1970 44
span 1992469726188760081 1 1973 2028 45
span 13138860570801774586 1 1987 2028 45
span 10358174517274202723 1 2031 2085 46
span 11333055263007757112 1 2045 2085 46
span 9989464218364901609 1 2088 2143 47
span 5903592998491183240 1 2102 2143 47
span 4059422840629701426 1 2146 2201 48
span 7277838870949030805 1 2160 2201 48
span 6264495381013015937 1 2204 2259 49
span 2671645656749415377 1 2218 2259 49
span 14214821127304568903 1 2262 2317 50
span 14724085055962207585 1 2276 2317 50
span 14303687888919912903 1 2320 2376 51
span 8089153762043000375 1 2334 2376 51
span 14405566173947421334 1 2379 2435 52
span 3434391621966576051 1 2393 2435 52
span 15621597435466826311 1 2438 2493 53
span 9687204973351474574 1 2452 2493 53
span 2999900826256117734 1 2496 2551 54
span 3289458952772199795 1 2510 2551 54
span 680761480151026253 1 2554 2609 55
span 9181204418831066960 1 2568 2609 55
span 12927540612947869920 1 2612 2683 56
span 9470812300328313230 1 2626 2683 56
span 5092278981456430883 1 2686 2757 57
span 4892183552744824875 1 2700 2757 57
span 1037584803516982127 1 2760 2819 58
span 6811974390031280461 1 2774 2819 58
span 12912029083754123414 1 2822 3501 59
span 9872276352464580367 1 3504 3623 60
span 5970182059981090080 1 3522 3623 60
span 12323660541566529322 1 3626 3732 61
span 4288317109665427554 1 3644 3732 61
span 9876076675932715284 1 3735 3771 62
span 16351885926513783109 1 3796 3870 64
span 11950916815860322805 1 3831 3866 65
span 9841983054702287290 1 3914 4014 69
span 7294958139430964932 1 3974 4010 70
span 16511654789289434232 1 4043 4103 73
span 10081638303530753909 0 4390 4744 127
span 10289684746207499074 0 10415 10687 147
span 1691323917581218795 0 20176 20585 290
span 327894641214157512 0 3852 3901 115
span 3267914520730885198 0 4050 4157 118
span 13295095195547761268 0 4105 4153 119
span 5604020192247632036 0 4160 4209 121
span 12812787105484874981 0 4246 4353 123
span 18105614371472626071 0 4301 4349 124
span 14422213992765675 0 4747 4827 128
span 13976146614594626967 0 4760 4827 128
span 17966147243904657894 0 4830 4910 129
span 15920760288003865789 0 4843 4910 129
span 13678546064999639093 0 4913 5595 130
span 9469335541030654429 2 0 22922 1
span 5140955936245658299 2 1758 1764 70
span 11428262907360119124 2 1775 1781 71
span 5022526204589986653 2 1792 1798 72
span 11367864119113530683 2 1809 1815 73
span 14236501716916264705 2 1826 1832 74
span 12383703304872928936 2 1843 1849 75
span 13021626881783576462 2 1860 1866 76
span 17472339675135067714 2 1877 1883 77
span 8205092221292453518 2 1894 1900 78
span 10391265381637320059 2 1911 1917 79
span 7253830128042258269 2 1928 1935 80
span 16743762411937349245 2 1946 1953 81
span 2367058586650673744 2 1964 1971 82
span 17614672541949977193 2 1982 1989 83
span 11735356645000463505 2 2000 2007 84
span 14642155345330140919 2 2018 2025 85
span 13153607392147257778 2 2036 2043 86
span 6190352274235999328 2 2054 2061 87
span 4454366423040033601 2 2072 2079 88
span 12562250076213425945 2 2090 2097 89
span 16390672805348802261 2 2108 2115 90
span 10193218046349869980 2 2126 2133 91
span 16232446346200880494 2 2144 2151 92
span 5610747222819739586 2 2162 2169 93
span 1767053759576478048 2 2180 2187 94
span 11803632588222044643 2 2198 2205 95
span 10256471817324300551 2 2216 2223 96
span 171267718726759881 2 2234 2241 97
span 10535435949178169974 2 2252 2259 98
span 6991397597970765628 2 2270 2277 99
span 11371105579310431568 2 2288 2295 100
span 9932351264263298726 2 2306 2313 101
span 3109856896231372999 2 2320 4173 102
span 12070332876544932915 2 4176 6093 168
span 14798609645631127089 2 6096 8013 234
span 2787604386029490143 2 8016 9933 300
span 354616493211219894 2 9936 9991 366
span 963234619795517192 2 9949 9991 366
span 13288635341320657984 2 10014 10069 368
span 933344040184540257 2 10027 10069 368
span 2508709459405145393 2 10094 10149 370
span 1614164464601710070 2 10107 10149 370
span 11805964926545847602 2 10174 10229 372
span 13048205481858965661 2 10187 10229 372
span 9378806853295357753 2 10254 10309 374
span 13772209647785111396 2 10267 10309 374
span 5965680222817640991 2 10334 10389 376
span 6102781355583476274 2 10347 10389 376
span 10595786803931065904 2 10414 10469 378
span 9843289284379247621 2 10427 10469 378
span 15428627908178684021 2 10494 10549 380
span 9566901308698767515 2 10507 10549 380
span 13966279330692373026 2 10574 10629 382
span 13022888318218013137 2 10587 10629 382
span 18292996200463191162 2 10654 10710 384
span 10862640341206994710 2 10668 10710 384
span 664170783132606318 2 10736 10793 386
span 11304476415695341593 2 10750 10793 386
span 14126284168786103301 2 10819 10876 388
span 11554215921564600741 2 10833 10876 388
span 6163849754531538560 2 10903 10960 390
span 2130879061490792244 2 10917 10960 390
span 3837230729178498272 2 10987 11044 392
span 6082831962628422300 2 11001 11044 392
span 8706778594258553627 2 11071 11128 394
span 12816104839419858374 2 11085 11128 394
span 12385934375762713020 2 11155 11212 396
span 2405435579989834635 2 11169 11212 396
span 5820648774420543994 2 11239 11296 398
span 339566296852686851 2 11253 11296 398
span 9198583858078531171 2 11323 11380 400
span 2942586068199692715 2 11337 11380 400
span 495568091477138684 2 11407 11464 402
span 217540948049958480 2 11421 11464 402
span 9073651868637417219 2 11491 11548 404
span 8016509424067422550 2 11505 11548 404
span 1379034625834999299 2 11575 11632 406
span 257472766440669269 2 11589 11632 406
span 15683600587060129622 2 11659 11716 408
span 11071658652449409238 2 11673 11716 408
span 13278900369438301241 2 11743 11800 410
span 2707498127787670716 2 11757 11800 410
span 6490105012445899572 2 11827 11884 412
span 7921591425967781029 2 11841 11884 412
span 14702408124554010049 2 11911 11968 414
span 16151630897796522690 2 11925 11968 414
span 9922062238525792825 2 11995 12052 416
span 16573810760901099268 2 12009 12052 416
span 6733844044487618222 2 12079 12136 418
span 2031544066325149895 2 12093 12136 418
span 3422699403097608426 2 12163 12220 420
span 18353546913441160802 2 12177 12220 420
span 734167903029780492 2 12247 12304 422
span 4000464260355831457 2 12261 12304 422
span 17222261864596756841 2 12331 12388 424
span 5725646301791364958 2 12345 12388 424
span 5900979619622689133 2 12415 12472 426
span 15471772687745529176 2 12429 12472 426
span 15220657505536857355 2 12499 12571 428
span 5022985513470205612 2 12513 12571 428
span 10219561405510589573 2 12574 22782 429
span 11100262986698999291 2 12628 12686 430
span 10307853006669232581 2 12691 12751 433
span 14720853414294405530 2 12756 12816 436
span 6301737051748414571 2 12821 12881 439
span 10297445045041118697 2 12886 12946 442
span 16303007217645901109 2 12951 13011 445
span 6505671527956458350 2 13016 13076 448
span 15132231463440582312 2 13081 13141 451
span 15631052736585867975 2 13146 13206 454
span 16103455628701104573 2 13211 13271 457
span 7587706296718449034 2 13276 13337 460
span 16089380961705743242 2 13342 13404 463
span 6566257061869794670 2 13409 13471 466
span 16057968624867873442 2 13476 13538 469
span 3706707187385255484 2 13543 13605 472
span 8356680660355296523 2 13610 13672 475
span 5617861727376941929 2 13677 13739 478
span 4684426846789741801 2 13744 13806 481
span 16470770015464429135 2 13811 13873 484
span 175229424501060885 2 13878 13940 487
span 18292978408179719197 2 13945 14007 490
span 3275990667041730677 2 14012 14074 493
span 8487878592189854918 2 14079 14141 496
span 8461743916615963327 2 14146 14208 499
span 10514482417712442497 2 14213 14275 502
span 6633301448396275828 2 14280 14342 505
span 9555256509049833950 2 14347 14409 508
span 2532826466318410079 2 14414 14476 511
span 3158248323433150304 2 14481 14543 514
span 12078672339152612201 2 14548 14610 517
span 11206127869333410750 2 14615 14677 520
span 4251466633757091649 2 14682 14751 523
span 3451723447753701933 2 14767 15006 527
span 10691517998073733254 2 14863 14915 531
span 13858964833729214317 2 14873 14915 531
span 6674477281801202943 2 14922 15000 532
span 15181736942665580744 2 15011 15252 536
span 17123935669557597399 2 15109 15161 540
span 10556616535502732687 2 15119 15161 540
span 13172908347889819276 2 15168 15246 541
span 4051497699673018300 2 15257 15498 545
span 1359239453951673236 2 15355 15407 549
span 3784103197315224639 2 15365 15407 549
span 2569668242412105348 2 15414 15492 550
span 7952509176938417722 2 15503 15744 554
span 5859042726343617363 2 15601 15653 558
span 89556895294298169 2 15611 15653 558
span 10742835124612103481 2 15660 15738 559
span 15184499432163704769 2 15749 15990 563
span 14149847271565460699 2 15847 15899 567
span 12654076292085226034 2 15857 15899 567
span 11489292770582116045 2 15906 15984 568
span 15499865448151222669 2 15995 16236 572
span 9903217477572623060 2 16093 16145 576
span 6586362850114845165 2 16103 16145 576
span 10013288976716723860 2 16152 16230 577
span 2326980270324630613 2 16241 16482 581
span 14751851969070926335 2 16339 16391 585
span 18357473318564330575 2 16349 16391 585
span 17696092131491386650 2 16398 16476 586
span 3447736725603475734 2 16487 16728 590
span 15288912634159711873 2 16585 16637 594
span 3270910397942103909 2 16595 16637 594
span 3165432228507680797 2 16644 16722 595
span 11511322983382254987 2 16733 16974 599
span 12453752829526914690 2 16831 16883 603
span 10353562174064493884 2 16841 16883 603
span 14349068845971553338 2 16890 16968 604
span 4216159883714771263 2 16979 17220 608
span 10031896975970608583 2 17077 17129 612
span 7560741156700797112 2 17087 17129 612
span 9488124741772069354 2 17136 17214 613
span 14962870691568263294 2 17225 17469 617
span 11216111214914175767 2 17324 17377 621
span 3903189340855887429 2 17334 17377 621
span 4527097827660698288 2 17384 17463 622
span 17760656147917088899 2 17474 17719 626
span 6067819609335196825 2 17574 17627 630
span 3461194780196729648 2 17584 17627 630
span 8254345440493125538 2 17634 17713 631
span 10576946039226542184 2 17724 17969 635
span 5559322145517253076 2 17824 17877 639
span 17390967552892551894 2 17834 17877 639
span 7750364451250180291 2 17884 17963 640
span 13451840000929161863 2 17974 18219 644
span 7275951035151223310 2 18074 18127 648
span 13841421814956628243 2 18084 18127 648
span 7600043363143130062 2 18134 18213 649
span 13483632727227880198 2 18224 18469 653
span 1225603007517035484 2 18324 18377 657
span 10739831526907265381 2 18334 18377 657
span 10655392031027342947 2 18384 18463 658
span 8697815464519698671 2 18474 18719 662
span 1613519930500190941 2 18574 18627 666
span 17519957726123697239 2 18584 18627 666
span 10141797813505186143 2 18634 18713 667
span 11475667123340508351 2 18724 18969 671
span 14341565664337357177 2 18824 18877 675
span 17179763270656696001 2 18834 18877 675
span 15623919327777946281 2 18884 18963 676
span 2942955558189172055 2 18974 19219 680
span 5168050067798157756 2 19074 19127 684
span 6961602017686834884 2 19084 19127 684
span 12296735941557335070 2 19134 19213 685
span 2653636619589547684 2 19224 19469 689
span 1152291029992555304 2 19324 19377 693
span 9050138073022243121 2 19334 19377 693
span 12529493742137314854 2 19384 19463 694
span 7810200593356878394 2 19474 19719 698
span 18165231013562734253 2 19574 19627 702
span 13732276638520062911 2 19584 19627 702
span 10327102780085427166 2 19634 19713 703
span 11410622933415597292 2 19724 19969 707
span 18021875148714338280 2 19824 19877 711
span 8980745752400622138 2 19834 19877 711
span 8431878056012089749 2 19884 19963 712
span 14316535667971297204 2 19974 20219 716
span 4911666965674967567 2 20074 20127 720
span 6007391628550480240 2 20084 20127 720
span 13696451211103059754 2 20134 20213 721
span 18137246888227243694 2 20224 20469 725
span 17182558001826013988 2 20324 20377 729
span 5396600287348739060 2 20334 20377 729
span 13580991007433631978 2 20384 20463 730
span 15251874443113262860 2 20474 20719 734
span 5523046614316888350 2 20574 20627 738
span 18129768874792014701 2 20584 20627 738
span 286488413898975640 2 20634 20713 739
span 10558098080450620759 2 20724 20969 743
span 3660389622477090466 2 20824 20877 747
span 17470715394560658076 2 20834 20877 747
span 17559732152471535902 2 20884 20963 748
span 993775118403667443 2 20974 21219 752
span 9791939820237625800 2 21074 21127 756
span 2744017466140119660 2 21084 21127 756
span 13658919625464309480 2 21134 21213 757
span 3653084624884242255 2 21224 21469 761
span 15678416386093152845 2 21324 21377 765
span 3160262488540376173 2 21334 21377 765
span 11509463227292104995 2 21384 21463 766
span 12173618845493397563 2 21474 21719 770
span 5687646712184855167 2 21574 21627 774
span 15096557088273510680 2 21584 21627 774
span 3501746671641258194 2 21634 21713 775
span 6906447870365119278 2 21724 21969 779
span 14993501302632792709 2 21824 21877 783
span 6672466344460182237 2 21834 21877 783
span 12787122573526664898 2 21884 21963 784
span 17422757540150837775 2 21974 22219 788
span 1818303639297689972 2 22074 22127 792
span 14420195526697764004 2 22084 22127 792
span 3815653222418032932 2 22134 22213 793
span 9983985946548702483 2 22224 22469 797
span 5927166866447471643 2 22324 22377 801
span 16567832490596539552 2 22334 22377 801
span 5018834539047693435 2 22384 22463 802
span 3728769937309091392 2 22479 22532 807
span 2697318908749172279 2 22489 22532 807
span 16151160227663926724 2 22537 22778 808
span 1847154257819270427 2 22633 22686 812
span 18371830671427843410 2 22643 22686 812
span 12274849668986104368 2 22693 22772 813
span 8739332932515659842 0 5598 6202 131
span 8830846622471298031 3 0 3875 1
span 14973453168918952294 3 712 760 22
span 5450463274735094949 3 725 760 22
span 6392371281057184556 3 791 839 24
span 7678703679725222892 3 804 839 24
span 16550102454169265721 3 870 917 26
span 9343536811603715206 3 883 917 26
span 6858157013878383387 3 950 998 28
span 7441377388020666507 3 963 998 28
span 13320601234309673383 3 1029 1077 30
span 2173993837686269639 3 1042 1077 30
span 8217393787641678997 3 1109 1157 32
span 7593646383478601023 3 1122 1157 32
span 14221204077168099604 3 1189 1237 34
span 7465397568231889918 3 1202 1237 34
span 13947411366991714597 3 1269 1318 36
span 15444668961082976011 3 1282 1318 36
span 1124558439124492880 3 1350 1399 38
span 1052192012486368855 3 1363 1399 38
span 12762714034352195918 3 1431 1480 40
span 14116853484798086586 3 1445 1480 40
span 5332021432961344101 3 1513 1562 42
span 17334285679030965055 3 1527 1562 42
span 828644220582532085 3 1565 1613 43
span 6040139490605724937 3 1616 1737 44
span 11680005059004877303 3 1771 1819 46
span 1797834919574035992 3 1822 1872 47
span 12637960226892410849 3 1875 1944 48
span 9725497157382667475 3 1947 1996 49
span 2705955262628147860 3 1999 2040 50
span 18054899656559427764 3 2043 2129 51
span 13495592005266339873 3 2132 2229 52
span 8950031607982049394 3 2232 2401 53
span 3900154620956404755 3 2404 2442 54
span 16137319552000768120 3 2445 2518 57
span 17775808823953895891 3 2462 2518 57
span 3315334296305942675 3 2521 2587 58
span 17275018556146039522 3 2538 2587 58
span 11338057991261644146 3 2590 2656 59
span 17318364333978848215 3 2607 2656 59
span 14801677803607801389 3 2659 2731 60
span 6215933145980270208 3 2676 2731 60
span 17963179869132509042 3 2734 2798 61
span 1007370858441749672 3 2801 2871 62
span 15580492652062106042 3 2894 2941 64
span 16918880212447277649 3 2944 3137 67
span 5921785990641156512 3 2961 3137 67
span 12480080365056285502 3 3140 3202 68
span 3129509837182086878 3 3229 3345 70
span 8867892960333483242 3 3348 3396 71
span 199698334894219002 3 3399 3465 74
span 243368076566077574 3 3416 3465 74
span 10658427458157934694 3 3489 3704 76
span 11538394328133779029 3 3707 3756 77
span 922709164755176516 3 3759 3873 78
span 16199546343166030105 0 6205 6809 132
span 9302357493946869911 4 0 8019 1
span 10822114550110875842 4 104 141 2
span 15787610533704579223 4 144 182 3
span 15522674897061838530 4 185 224 4
span 6118081523009753207 4 227 266 5
span 5202919415352088186 4 269 308 6
span 16025078237285580730 4 311 350 7
span 4387327225931849721 4 353 392 8
span 14280151095966635434 4 395 434 9
span 7532150593291740916 4 437 476 10
span 3629364177995599312 4 479 583 11
span 14958728330147205345 4 496 583 11
span 5095918097760624180 4 586 1472 12
span 3321322241574815542 4 603 1472 12
span 13534430112766724752 4 1475 2361 13
span 2869641233427314416 4 1492 2361 13
span 16679533798679973210 4 2364 3283 14
span 10315123087567490532 4 2381 3283 14
span 14571673825535109832 4 3286 4171 15
span 11892499395309963395 4 3303 4171 15
span 8961230528077024534 4 4174 5142 16
span 1033570442267472854 4 4191 5142 16
span 12019168235706158420 4 5145 6032 17
span 1666577833187569784 4 5162 6032 17
span 11301330973635942831 4 6035 6887 18
span 13621937236596955137 4 6052 6887 18
span 14933029575024826524 4 6890 7456 19
span 17807813041383914573 4 6907 7456 19
span 11711677331357661662 4 7459 7994 20
span 5979498536861013105 4 7477 7994 20
span 1465190708352999924 0 6831 6920 133
span 15488938147516142380 0 6988 7077 135
span 17966414045635851266 0 7126 7458 137
span 8371440036681801625 5 0 1160 1
span 14945276885780795337 5 244 1066 8
span 1059792901956701481 5 280 323 10
span 1834656917845551912 5 289 323 10
span 3616718654987874915 5 333 409 12
span 13451643812565601243 5 342 409 12
span 11293308873376922925 5 419 516 14
span 16478825349497903670 5 428 516 14
span 15174884429928429779 5 575 609 18
span 16720643468743525468 5 777 861 27
span 5884097649247629766 5 786 861 27
span 8903078189492574186 5 871 966 29
span 6564096691003437270 5 880 966 29
span 7756387213196598539 5 1069 1134 36
span 5794409490683604344 5 1085 1134 36
span 15282290431287130857 0 7149 7458 137
span 16698401415058928019 0 7517 7849 139
span 11200671909114253406 0 7540 7849 139
span 10858325395514227855 0 7908 9001 141
span 11211440031015101464 6 0 3937 1
span 11952969280497312214 6 402 469 2
span 4828649848031245015 6 415 469 2
span 6470340907349259797 6 472 525 3
span 7273587530246951940 6 485 525 3
span 2859378213653946518 6 528 595 4
span 17278756887720394916 6 541 595 4
span 6938374952356012795 6 598 651 5
span 11217746203919569481 6 611 651 5
span 9447988643831869721 6 654 720 6
span 9567400463329121576 6 667 720 6
span 6764172329057267871 6 723 776 7
span 13881840327667232919 6 736 776 7
span 6950843220065492031 6 779 845 8
span 7260321244327847328 6 792 845 8
span 9899548319032904272 6 848 901 9
span 12743667803012838351 6 861 901 9
span 5393748616584086780 6 904 979 10
span 17456561547486794083 6 920 979 10
span 1461580347077861267 6 982 1071 11
span 5482831382524105470 6 999 1071 11
span 13460349116254666897 6 1074 1165 12
span 7639543546300893329 6 1091 1165 12
span 14764430969173734277 6 1168 1259 13
span 15909752291160335218 6 1185 1259 13
span 12522861441091267011 6 1292 1360 15
span 14614915751159399504 6 1306 1360 15
span 15216790130583431459 6 1363 1417 16
span 16779267229626342962 6 1377 1417 16
span 7157135241985409104 6 1420 1488 17
span 14724229865895364451 6 1434 1488 17
span 1194154356461931527 6 1491 1545 18
span 17486706739409699647 6 1505 1545 18
span 17369255826109334269 6 1548 1615 19
span 9238866721822411705 6 1562 1615 19
span 12828539894109697878 6 1618 1672 20
span 10225329797123249052 6 1632 1672 20
span 10141835521232544394 6 1675 1742 21
span 1967770351895028199 6 1689 1742 21
span 5346527267563450445 6 1745 1799 22
span 2766835546998814524 6 1759 1799 22
span 7234118491757213909 6 1802 1880 23
span 10244212832901719841 6 1819 1880 23
span 16700482331684761355 6 1883 1975 24
span 18033539590017537886 6 1900 1975 24
span 15599161846751747053 6 1978 2071 25
span 5338058969379434660 6 1995 2071 25
span 17106556862669966503 6 2074 2167 26
span 3032350069630433530 6 2091 2167 26
span 14515031244078396806 6 2200 2268 28
span 16273855169663595874 6 2214 2268 28
span 13169264496480135270 6 2271 2325 29
span 14879502794121307879 6 2285 2325 29
span 9359982236834644912 6 2328 2396 30
span 16816001723575330164 6 2342 2396 30
span 9722729503863442265 6 2399 2453 31
span 12889142315909226001 6 2413 2453 31
span 16881399226007425396 6 2456 2523 32
span 16488762284569556882 6 2470 2523 32
span 9550873802379598929 6 2526 2580 33
span 9955353737263681041 6 2540 2580 33
span 4892203343960210604 6 2583 2650 34
span 7569841842350556121 6 2597 2650 34
span 10733311633554618111 6 2653 2707 35
span 6501937475117671937 6 2667 2707 35
span 14649827320204890978 6 2710 2844 36
span 6728361587826805024 6 2727 2844 36
span 1056387596424670051 6 2847 2940 37
span 8020789629243469221 6 2864 2940 37
span 11242440416320796027 6 2943 3036 38
span 6512691933445361990 6 2960 3036 38
span 981009343542366680 6 3069 3137 40
span 9785263701270385444 6 3083 3137 40
span 1159918178752997240 6 3140 3194 41
span 3081492454981160987 6 3154 3194 41
span 6919193492159440301 6 3197 3265 42
span 16201185368536367935 6 3211 3265 42
span 9698617722018158536 6 3268 3322 43
span 7250787566074669393 6 3282 3322 43
span 6873100832466711555 6 3325 3392 44
span 819884226670610893 6 3339 3392 44
span 17161686260313020346 6 3395 3449 45
span 1266422816438626717 6 3409 3449 45
span 12267814575185935009 6 3452 3519 46
span 1580483754891744341 6 3466 3519 46
span 6668575250774987847 6 3522 3576 47
span 3986461953615070637 6 3536 3576 47
span 2767406584096715891 6 3579 3713 48
span 4985229262359417890 6 3596 3713 48
span 1649098152637707935 6 3716 3809 49
span 2342480977732803839 6 3733 3809 49
span 4443289425142788696 6 3812 3905 50
span 15237560972015155706 6 3829 3905 50
span 15716364449995784238 0 9004 9082 142
span 13222757103345401257 0 9017 9082 142
span 11177232615156479990 0 9085 9163 143
span 10257319227605004201 0 9098 9163 143
span 275355778554651820 0 9166 10107 144
span 10479483495187131712 7 0 1557 1
span 2686577230493544897 7 482 548 5
span 8300240503813933980 7 551 619 6
span 8551769841495098494 7 564 619 6
span 6777464222532430168 7 622 690 7
span 14644832369763711588 7 635 690 7
span 12629088951255618694 7 693 761 8
span 17607107528641122631 7 706 761 8
span 16664740670487404428 7 764 832 9
span 3375490724860680188 7 777 832 9
span 9241929325702301814 7 835 903 10
span 9238947762512108717 7 848 903 10
span 3243867331503424606 7 906 974 11
span 15395110258037229561 7 919 974 11
span 1062366490387219910 7 977 1045 12
span 17933823126475857766 7 990 1045 12
span 15070452998647760775 7 1048 1116 13
span 12950256372974330853 7 1061 1116 13
span 4284122607363914477 7 1119 1255 14
span 12158659040613747805 7 1258 1315 15
span 5182829032729073085 7 1359 1407 17
span 14440566301789567618 0 10110 10343 145
span 11973420415825488609 8 0 797 1
span 296702858164583101 8 239 254 3
span 7629527463396239859 8 265 271 4
span 700923776016245198 8 282 293 5
span 7313082024194882869 8 299 701 6
span 14204153543571832181 8 389 572 11
span 12868325105938288560 8 470 566 15
span 11817110997298743530 8 582 654 21
span 14737874788455964373 8 591 654 21
span 7263956535237796941 8 659 697 22
span 11249375839121111330 0 10346 10412 146
span 3845586202209051182 0 10690 10756 148
span 1356358634111356252 0 10759 11147 149
span 9845452587810616453 9 0 1520 1
span 3970687952291514884 9 435 441 7
span 760987474200601972 9 452 467 8
span 11595146253809272496 9 478 489 9
span 6220412625142182356 9 500 513 10
span 7262232921037395989 9 524 537 11
span 16277008494275047034 9 548 559 12
span 10119629515343718346 9 565 1320 13
span 16124398196202969455 9 724 782 22
span 6826876820663423350 9 733 782 22
span 9806103614630000929 9 792 827 24
span 420986957892170499 9 852 893 26
span 10454354999884005632 9 903 934 30
span 970732439996847696 9 968 1009 32
span 16443459636179537585 9 1019 1052 36
span 10238740922708332892 9 1082 1123 38
span 14174704918105707049 9 1133 1166 42
span 3453159661287791515 9 1198 1239 44
span 87090660326985321 9 1244 1289 47
span 14574699044745340656 0 11150 11216 150
span 8790078747150557320 0 11219 11607 151
span 16908689322988956498 0 11610 11676 152
span 3397342813347496231 10 0 2810 1
span 12515491122691061524 10 754 771 5
span 1091073042552512998 10 781 798 6
span 1578696318662214303 10 808 824 7
span 8878102274914596035 10 834 850 8
span 7148513081129248777 10 860 878 9
span 12103470556456114101 10 888 908 10
span 11486213211269188560 10 918 942 11
span 10191764139032538226 10 952 972 12
span 17219642839728348529 10 982 1000 13
span 6448794533605787428 10 1010 1027 14
span 6464775608653304028 10 1037 1057 15
span 16416997502142076147 10 1063 2292 16
span 3289422904448320512 10 1401 1436 30
span 4643019809626278246 10 1441 1498 31
span 8113879785173142941 10 1503 1560 32
span 10592034147977423394 10 1565 1620 33
span 10986104742425643251 10 1625 1666 34
span 12623387723608075393 10 1676 1715 38
span 8825468295016953027 10 1720 1779 39
span 16860069974152056811 10 1814 1855 41
span 2765961995265024824 10 1865 1902 45
span 82587512312014930 10 1941 2012 47
span 6345733449296669750 10 2017 2080 48
span 3061882032531655735 10 2085 2126 49
span 15578454463358634849 10 2163 2226 53
span 4999528521655212017 10 2231 2288 54
span 3417623495202505820 0 12608 12690 157
span 15885270708372396644 0 13622 13704 162
span 15809705837585451095 11 0 848 1
span 5555254990614485877 11 272 290 3
span 2647927871081980872 11 300 317 4
span 5858191702803945604 11 327 347 5
span 14836572968210144959 11 353 706 6
span 3678214098652549971 11 471 540 12
span 16991522510213115577 11 480 540 12
span 13132154123405161728 11 577 640 14
span 6672975375515694888 11 645 702 15
span 12359918821210294845 12 0 608 1
span 1573393934632325171 12 220 232 2
span 15503219649954528116 12 243 256 3
span 2252979608193715029 12 267 282 4
span 4314427528212395207 12 289 496 5
span 254961900099353054 0 14762 14824 168
span 15159193523922387268 0 14827 14891 169
span 662144868339960712 0 14894 14962 170
span 15202164393197277305 0 15190 15252 172
span 10300858820681451799 0 15255 15319 173
span 6527155042903677361 0 15322 15390 174
span 9060079189874606904 13 0 517 1
span 11545534275089325159 13 189 206 2
span 3453177267792431110 13 216 236 3
span 1836400869987626393 13 242 421 4
span 16454830665416274444 0 16128 16177 181
span 3194069578538332004 0 16294 16391 184
span 3013644902105084641 0 16338 16387 185
span 6425508624236157112 0 16394 16458 187
span 165687596821459440 0 16488 16600 189
span 3162970185172338123 0 16532 16596 190
span 17751936727472950418 0 16603 16656 192
span 2814185663430906320 0 16684 16785 194
span 7655840829084786728 0 16728 16781 195
span 17770349824792503891 0 16788 16855 197
span 1653290097348563404 0 16887 17002 199
span 1009419133889201779 0 16931 16998 200
span 4552505076406910433 0 17005 17063 202
span 11476253555877030881 0 17094 17200 204
span 2833025060119509343 0 17138 17196 205
span 12259718315559801776 0 17203 17264 207
span 13657620218103365378 0 17296 17405 209
span 14499359136339555514 0 17340 17401 210
span 15487869721536311875 0 17408 17476 212
span 14457600368782889443 0 17508 17624 214
span 18089026453675481328 0 17552 17620 215
span 3538208735958221893 0 17652 18268 218
span 17973973744183750652 0 17708 17749 220
span 886348895657815149 0 18271 18903 236
span 14409039195465513741 0 18327 18370 238
span 9288471396413470122 0 18906 19538 254
span 13135006942680809111 0 18962 19005 256
span 9085199392695900498 0 19541 20173 272
span 7669472612833961471 0 19597 19640 274
span 15142219076847482275 0 20218 20581 293
span 16283240572503657575 0 20278 20414 297
span 7063852255933226784 0 20288 20414 297
span 6795353763524204840 0 20453 20489 300
span 10576689267757272805 0 20520 20575 303
span 16620368550055143939 0 20588 20715 308
span 5487932721870706012 0 20606 20715 308
span 14475843946836175762 0 20718 20794 309
span 13139480119337296399 0 20732 20794 309
span 6620037340975720908 0 20797 20944 310
span 2050330490205870665 0 20815 20944 310
span 6147509038915454642 0 20947 21061 311
span 10923361752459381176 0 20965 21061 311
span 12217716293144240667 14 0 5766 1
span 7241859745875596071 14 488 560 20
span 16994643465582281567 14 563 670 21
span 17429125370044975629 14 673 744 22
span 4998268966100463718 14 747 808 23
span 8170194078773495929 14 811 889 24
span 11221090047854386285 14 892 962 25
span 3651111076133385612 14 965 5740 26
span 12737795068560646221 14 1012 1045 28
span 11699942312457932530 14 1092 1142 31
span 4194806765520651955 14 1101 1142 31
span 9692575285255894710 14 1211 1254 34
span 13963240724426318973 14 1264 1833 36
span 17889958611134722645 14 1273 1833 36
span 15742474256804407922 14 1898 1942 39
span 12663513560533191123 14 1952 2597 41
span 10806632286694474204 14 1961 2597 41
span 330793932318265424 14 2662 2706 44
span 4023735588664949325 14 2716 3317 46
span 1021661168736976814 14 2725 3317 46
span 13300220373734650418 14 3382 3415 49
span 3934280725277058189 14 3457 3490 51
span 2351528639969439676 14 3532 3575 53
span 5732250619923438743 14 3585 4185 55
span 1172531489286772682 14 3594 4185 55
span 17759512404846356722 14 4250 4294 58
span 11030290680848233003 14 4304 4910 60
span 586568385208841272 14 4313 4910 60
span 7050568181744310466 14 4980 5056 64
span 2516344000319148506 14 4989 5056 64
span 2312996128506010732 14 5126 5173 67
span 9638097176428235342 14 5221 5298 70
span 989438692693633216 14 5230 5298 70
span 1011147594551305825 14 5373 5424 74
span 4462509619905282500 14 5382 5424 74
span 13535511709917298210 14 5499 5551 78
span 9351513299945653970 14 5509 5551 78
span 1708799504372971014 14 5627 5679 82
span 6281259259755065909 14 5637 5679 82
span 12045750428972873752 0 21080 21194 312
span 14824880286834271265 0 21197 21227 313
span 205454546796713641 0 21269 21366 315
span 17999577410288575539 0 21321 21362 316
span 953999228077639990 0 21369 21445 318
span 12974026053750462148 0 21383 21445 318
span 90183248920596336 0 21448 21595 319
span 10828590245175949320 0 21466 21595 319
span 6156607249996453680 0 21598 21712 320
span 12253720654500566978 0 21616 21712 320
span 6903626330909541891 0 21731 21845 321
span 6438244971554794323 0 21848 21901 322
span 17140803491581663686 0 21943 22042 324
span 5081519019882008745 0 21985 22038 325
span 16179950480231437237 0 22045 22210 327
span 2344765564620175074 0 22062 22210 327
span 2803461518878740063 0 22213 22319 328
span 1505287078447529641 0 22231 22319 328
span 18080921718310926459 0 22322 22430 329
span 4932814011387961722 0 22340 22430 329
span 10986643188394986440 0 22433 22600 330
span 9844236164215699518 0 22450 22600 330
span 4829476941129273275 0 22603 22733 331
span 14325953027151748052 0 22621 22733 331
span 10960262524478758661 0 22736 22876 332
span 17972407235437592986 0 22754 22876 332
span 9763058853442290023 15 0 1869 1
span 18344556175464748222 15 225 272 3
span 4893664481476384207 15 238 272 3
span 16208232593147172849 15 275 330 4
span 9211803344097640662 15 288 330 4
span 7095134548953604189 15 333 380 5
span 9554508966798641856 15 346 380 5
span 7280806809057368632 15 383 438 6
span 5295326640348778720 15 396 438 6
span 17081625808090885353 15 441 488 7
span 11952006601024249833 15 454 488 7
span 5618709567015607238 15 491 571 8
span 4584371545758329512 15 504 571 8
span 17245499716293258623 15 574 621 9
span 10528641995985500044 15 587 621 9
span 7442769034949806889 15 624 705 10
span 18073519340837561425 15 637 705 10
span 12828823432249166829 15 708 755 11
span 16608231524476733276 15 721 755 11
span 4247171380501769320 15 758 813 12
span 4663583028494169309 15 772 813 12
span 18256543979961121470 15 816 864 13
span 8065134816942409253 15 830 864 13
span 2482658781782633114 15 867 923 14
span 8438791027937537017 15 881 923 14
span 10949543242000294409 15 926 1057 15
span 9152637679140494559 15 1060 1173 16
span 6682968365589632992 15 1078 1173 16
span 11120679835530327763 15 1176 1275 17
span 9861054330950538507 15 1194 1275 17
span 9840524007024236857 15 1278 1408 18
span 76643525948696723 15 1296 1408 18
span 13330847353245364175 15 1411 1524 19
span 14039294317743118591 15 1429 1524 19
span 579028508312714972 15 1527 1611 20
span 14001079649182533789 15 1545 1611 20
span 14455050646629442995 15 1614 1696 21
span 2970916410595113059 15 1632 1696 21
span 17572105252130469617 15 1721 1771 23
span 3109295218580495294 15 1735 1771 23
span 10686453395187203019 15 1774 1846 24
span 15393588115890245423 15 1791 1846 24
span 11521619486298670264 0 22879 23205 333
span 8270702119942754049 0 23208 23251 334
span 7385984498681156818 0 23254 23364 335
span 5679373216715853150 0 23314 23360 336
span 10724266259331197380 0 23367 23465 338
span 16025143275829747599 0 23385 23465 338
span 10577142520933719595 0 23468 23841 339
span 5981982717622150426 16 0 1486 1
span 13563921937330743010 16 428 441 6
span 18280611813706400251 16 452 469 7
span 16452240007355485972 16 480 490 8
span 5853625489839453547 16 501 510 9
span 531239107087135356 16 520 535 10
span 9252437937248598962 16 546 557 11
span 10105874028443076296 16 563 1274 12
span 16995166841765382742 16 728 793 21
span 16003285737746810324 16 737 793 21
span 4190111231177745226 16 803 840 23
span 13912678363449568464 16 872 913 25
span 2426908425093720342 16 923 953 29
span 12346106857864574951 16 989 1030 31
span 15753124019757065871 16 1040 1075 35
span 6372350693919034472 16 1104 1145 37
span 5853621083502055743 16 1150 1191 38
span 11325904732107242770 16 1225 1270 42
span 17405897325033851745 0 23844 23908 340
span 15255170627315032247 0 23911 23983 341
span 5605027049926929094 0 23986 24044 342
span 11203510257468885591 0 24106 24149 344
span 12836837012021458029 0 24152 24220 345
span 10536154306677278274 0 24223 24333 346
span 8845384338146882780 0 24283 24329 347
span 18140243467672111155 0 24336 24434 349
span 17412133137023499100 0 24354 24434 349
span 16957338339082173429 0 24437 24803 350
span 1690065610503306328 0 24806 24870 351
span 8030397865339714356 0 24873 24945 352
span 4657789759120291152 0 24948 25006 353
span 17368961114558966647 0 25068 25136 355
span 1828605636577078481 0 1938 1970 37
span 10514167137319917815 0 1982 2014 38
span 5147438719724858754 0 2026 2066 39
span 15084562993580613242 0 2183 2223 43
span 15871083617627372278 0 2385 2428 48
span 1401955155510743703 0 2484 2527 50
span 6327042643227101881 0 2538 2577 51
span 5525099381889686008 0 2588 2627 52
span 3204199191807850072 0 2638 2670 53
span 9282998827583809205 0 2682 2724 54
span 4147102331356828965 0 2735 2774 55
span 2764836649952194072 0 2785 2824 56
span 9182028533940017686 0 2835 2867 57
span 10869499982302674204 0 2879 2921 58
span 18259841271211963395 0 2932 2965 59
span 2096069638439829041 0 2977 3020 60
span 14252813208022078621 0 3031 3064 61
span 3896724589699001395 0 3076 3119 62
span 830528526508681202 0 3130 3170 63
span 5998319503574065756 0 3181 3208 64
span 1850926817609414040 0 3219 3259 65
span 17379807414908829167 0 3270 3297 66
span 1182094351053712461 0 3404 3435 99
span 17107355938852538869 0 3447 3478 100
span 14381606719738758502 0 3490 3519 101
combine 7633911135156458954 5 11428262907360119124 16452240007355485972 5853625489839453547 13563921937330743010 18280611813706400251
combine 3626512750704868218 3 16452240007355485972 5853625489839453547 13563921937330743010
combine 13363391254611710461 5 17472339675135067714 16743762411937349245 17614672541949977193 11735356645000463505 14642155345330140919
combine 12581113070602088190 4 16452240007355485972 5853625489839453547 13563921937330743010 18280611813706400251
combine 3848959669131600007 3 13563921937330743010 16452240007355485972 5853625489839453547
combine 12577275550754399354 2 16452240007355485972 5853625489839453547
combine 14528243812675744325 35 11428262907360119124 5022526204589986653 11367864119113530683 14236501716916264705 12383703304872928936 13021626881783576462 17472339675135067714 8205092221292453518 10391265381637320059 7253830128042258269 16743762411937349245 2367058586650673744 17614672541949977193 11735356645000463505 14642155345330140919 13153607392147257778 6190352274235999328 4454366423040033601 12562250076213425945 16390672805348802261 10193218046349869980 16232446346200880494 5610747222819739586 1767053759576478048 11803632588222044643 10256471817324300551 171267718726759881 10535435949178169974 6991397597970765628 11371105579310431568 9932351264263298726 13563921937330743010 18280611813706400251 16452240007355485972 5853625489839453547
combine 3594055106532344689 6 11595146253809272496 8878102274914596035 7148513081129248777 17219642839728348529 6448794533605787428 6464775608653304028
combine 16366486702241456181 3 11595146253809272496 11486213211269188560 6464775608653304028
combine 966585105876381260 4 11595146253809272496 1578696318662214303 8878102274914596035 12103470556456114101
combine 13908654894817783879 2 14322150472270207198 7629527463396239859
combine 18158517929482128089 21 14322150472270207198 296702858164583101 7629527463396239859 700923776016245198 3970687952291514884 760987474200601972 11595146253809272496 6220412625142182356 7262232921037395989 16277008494275047034 12515491122691061524 1091073042552512998 1578696318662214303 8878102274914596035 7148513081129248777 12103470556456114101 11486213211269188560 10191764139032538226 17219642839728348529 6448794533605787428 6464775608653304028
combine 16092433286678933490 4 13563921937330743010 18280611813706400251 16452240007355485972 5853625489839453547
combine 5828484791583966601 2 7629527463396239859 3970687952291514884
combine 17898722027437866571 4 11367864119113530683 16743762411937349245 12562250076213425945 171267718726759881
combine 13325883381243764597 2 760987474200601972 11595146253809272496
combine 6685054716064721316 2 16743762411937349245 171267718726759881
combine 287080283143735818 3 14322150472270207198 296702858164583101 700923776016245198
combine 13247597678639613706 9 11595146253809272496 12515491122691061524 1091073042552512998 8878102274914596035 7148513081129248777 10191764139032538226 17219642839728348529 6448794533605787428 6464775608653304028
combine 14063135904616802382 4 760987474200601972 11595146253809272496 1091073042552512998 6464775608653304028
combine 15924916840903356174 3 18280611813706400251 16452240007355485972 5853625489839453547
combine 1710503102434668599 4 13563921937330743010 16452240007355485972 5853625489839453547 531239107087135356
combine 4381619688132110996 6 11595146253809272496 12515491122691061524 1091073042552512998 8878102274914596035 10191764139032538226 6464775608653304028
combine 18379553747609470573 2 14642155345330140919 9932351264263298726
combine 3239704487102875293 2 10391265381637320059 11803632588222044643
combine 5082043331434109096 2 17614672541949977193 6991397597970765628
combine 10124317066602226201 2 13021626881783576462 16232446346200880494
combine 14525084645557304120 2 2367058586650673744 10535435949178169974
combine 9737736136782537221 2 5853625489839453547 9252437937248598962
combine 2494537712408977693 2 11595146253809272496 7148513081129248777
combine 14324509345260540397 8 11428262907360119124 12383703304872928936 10391265381637320059 17614672541949977193 6190352274235999328 10193218046349869980 11803632588222044643 6991397597970765628
combine 13760528077319509648 2 11595146253809272496 12103470556456114101
combine 13016619598630505634 2 11735356645000463505 11371105579310431568
combine 13221303144887093168 2 7253830128042258269 10256471817324300551
combine 7742182593125986207 4 12383703304872928936 17614672541949977193 10193218046349869980 6991397597970765628
combine 2540067742646543705 13 13153607392147257778 6190352274235999328 4454366423040033601 12562250076213425945 16390672805348802261 10193218046349869980 16232446346200880494 5610747222819739586 1767053759576478048 171267718726759881 6991397597970765628 11371105579310431568 9932351264263298726
combine 4841786103722636250 24 14322150472270207198 296702858164583101 7629527463396239859 700923776016245198 3970687952291514884 760987474200601972 11595146253809272496 6220412625142182356 7262232921037395989 16277008494275047034 12515491122691061524 1091073042552512998 1578696318662214303 8878102274914596035 7148513081129248777 12103470556456114101 11486213211269188560 10191764139032538226 17219642839728348529 6448794533605787428 6464775608653304028 13563921937330743010 18280611813706400251 16452240007355485972
combine 10285389693151595268 8 5022526204589986653 13021626881783576462 7253830128042258269 11735356645000463505 4454366423040033601 16232446346200880494 10256471817324300551 11371105579310431568
combine 11857676347582298890 2 12383703304872928936 10193218046349869980
combine 6013878812295853735 2 11428262907360119124 6190352274235999328
combine 10474879609050847123 3 11595146253809272496 12515491122691061524 8878102274914596035
combine 12174181286788246939 2 11595146253809272496 6464775608653304028
combine 8256752649828506217 2 1653290097348563404 11476253555877030881
combine 7285852197854831227 2 17472339675135067714 5610747222819739586
combine 157481185213441762 2 1091073042552512998 6464775608653304028
combine 1584293891163948046 2 8205092221292453518 1767053759576478048
combine 7776322879930246641 2 296702858164583101 700923776016245198
combine 16681736099044745617 5 11595146253809272496 1578696318662214303 8878102274914596035 11486213211269188560 6464775608653304028
combine 14070488326863442673 3 16452240007355485972 5853625489839453547 18280611813706400251
combine 15500423761740868657 2 5022526204589986653 4454366423040033601
combine 8881242664757946844 2 1578696318662214303 8878102274914596035
combine 5850346706175244334 4 11428262907360119124 10391265381637320059 6190352274235999328 11803632588222044643
combine 5716160890758730561 3 11595146253809272496 7148513081129248777 17219642839728348529
combine 18355399245683452518 10 6190352274235999328 4454366423040033601 12562250076213425945 16390672805348802261 10193218046349869980 16232446346200880494 1767053759576478048 11803632588222044643 10256471817324300551 10535435949178169974
combine 15985869144473971118 15 11428262907360119124 5022526204589986653 11367864119113530683 14236501716916264705 12383703304872928936 13021626881783576462 17472339675135067714 8205092221292453518 10391265381637320059 7253830128042258269 16743762411937349245 2367058586650673744 17614672541949977193 11735356645000463505 14642155345330140919
combine 9447743617314272651 2 11595146253809272496 8878102274914596035
combine 3214293207162134600 16 11428262907360119124 5022526204589986653 11367864119113530683 14236501716916264705 12383703304872928936 13021626881783576462 17472339675135067714 8205092221292453518 10391265381637320059 7253830128042258269 16743762411937349245 2367058586650673744 17614672541949977193 11735356645000463505 14642155345330140919 13153607392147257778
combine 5826658264592553352 6 3194069578538332004 15503219649954528116 13563921937330743010 18280611813706400251 16452240007355485972 5853625489839453547
combine 7921596748058026862 5 11595146253809272496 1578696318662214303 8878102274914596035 12103470556456114101 6464775608653304028
combine 4899649316372638678 6 14236501716916264705 8205092221292453518 2367058586650673744 16390672805348802261 1767053759576478048 10535435949178169974
combine 7790735209554283622 25 11428262907360119124 14236501716916264705 17472339675135067714 10391265381637320059 7253830128042258269 16743762411937349245 2367058586650673744 17614672541949977193 11735356645000463505 14642155345330140919 13153607392147257778 6190352274235999328 4454366423040033601 12562250076213425945 10193218046349869980 16232446346200880494 5610747222819739586 171267718726759881 6991397597970765628 11371105579310431568 9932351264263298726 16452240007355485972 5853625489839453547 13563921937330743010 18280611813706400251
combine 7733788449163071092 2 11367864119113530683 12562250076213425945
combine 3808651555973539637 2 14236501716916264705 16390672805348802261
combine 13443429949146094359 4 11595146253809272496 12515491122691061524 1578696318662214303 8878102274914596035
combine 13000695096862279043 10 7629527463396239859 296702858164583101 700923776016245198 5555254990614485877 2647927871081980872 5858191702803945604 18280611813706400251 5853625489839453547 531239107087135356 9252437937248598962
combine 17467913935289852262 3 10391265381637320059 7253830128042258269 2367058586650673744
combine 8555254799520044784 14 5022526204589986653 11367864119113530683 12383703304872928936 13021626881783576462 8205092221292453518 16390672805348802261 1767053759576478048 11803632588222044643 10256471817324300551 10535435949178169974 13563921937330743010 18280611813706400251 16452240007355485972 5853625489839453547
combine 3440453107932081308 10 11428262907360119124 5022526204589986653 11367864119113530683 14236501716916264705 12383703304872928936 13021626881783576462 8205092221292453518 10391265381637320059 7253830128042258269 2367058586650673744
combine 2480139502263945236 6 13153607392147257778 5610747222819739586 171267718726759881 6991397597970765628 11371105579310431568 9932351264263298726
combine 12328580493879870409 4 13021626881783576462 11735356645000463505 16232446346200880494 11371105579310431568
combine 3646015990642378902 4 11595146253809272496 1578696318662214303 8878102274914596035 6464775608653304028
combine 222364642509644139 12 11428262907360119124 5022526204589986653 11367864119113530683 14236501716916264705 12383703304872928936 13021626881783576462 17472339675135067714 8205092221292453518 16743762411937349245 17614672541949977193 11735356645000463505 14642155345330140919
combine 644866610112252520 4 5022526204589986653 7253830128042258269 4454366423040033601 10256471817324300551
combine 4093155242285196502 6 14322150472270207198 7629527463396239859 296702858164583101 700923776016245198 760987474200601972 11595146253809272496
combine 3764100502058809337 16 7629527463396239859 760987474200601972 11595146253809272496 6220412625142182356 7262232921037395989 12515491122691061524 1091073042552512998 1578696318662214303 8878102274914596035 7148513081129248777 12103470556456114101 11486213211269188560 10191764139032538226 17219642839728348529 6448794533605787428 6464775608653304028
combine 4200101835128307969 22 14322150472270207198 296702858164583101 7629527463396239859 700923776016245198 3970687952291514884 760987474200601972 11595146253809272496 6220412625142182356 7262232921037395989 16277008494275047034 12515491122691061524 1091073042552512998 1578696318662214303 8878102274914596035 7148513081129248777 12103470556456114101 11486213211269188560 10191764139032538226 17219642839728348529 6448794533605787428 6464775608653304028 5555254990614485877
combine 3215279765667488138 4 14322150472270207198 296702858164583101 7629527463396239859 700923776016245198
combine 15715555311020576591 6 11595146253809272496 1578696318662214303 8878102274914596035 12103470556456114101 11486213211269188560 6464775608653304028
combine 5101668762050265580 3 11803632588222044643 10256471817324300551 10535435949178169974
combine 15377650634940407089 3 14322150472270207198 296702858164583101 7629527463396239859
