hhds_srcmap 1
file 0 ../hagent/dino/build/build_dualissue_d/PipelinedDualIssueCPU.sv
filehash 0 10126870695996021854
filelines 0 656 0 38 68 91 114 147 178 208 245 276 309 340 370 405 438 472 506 536 569 572 573 607 641 697 756 812 871 917 964 1013 1059 1106 1155 1212 1268 1327 1384 1440 1499 1546 1597 1641 1684 1733 1778 1825 1876 1920 1963 2012 2067 2122 2176 2230 2286 2344 2406 2464 2520 2575 2633 2688 2743 2797 2851 2907 2965 3027 3085 3141 3196 3254 3293 3341 3385 3431 3477 3521 3560 3608 3652 3698 3744 3788 3836 3875 3919 3967 4006 4050 4088 4122 4160 4198 4237 4275 4320 4365 4410 4455 4491 4526 4562 4598 4644 4690 4730 4770 4809 4848 4886 4924 4964 5006 5052 5091 5130 5172 5214 5253 5292 5330 5368 5408 5450 5496 5535 5574 5616 5658 5703 5748 5793 5838 5874 5914 5954 5995 6013 6100 6187 6212 6232 6274 6288 6340 6354 6407 6421 6474 6488 6528 6542 6582 6596 6623 6637 6664 6679 6706 6718 6739 6766 6786 6828 6842 6896 6910 6965 6979 7034 7048 7090 7104 7146 7160 7189 7203 7232 7247 7276 7288 7309 7336 7356 7398 7412 7466 7480 7509 7523 7578 7592 7647 7661 7703 7717 7759 7773 7802 7817 7846 7858 7879 7906 7926 7968 7982 8036 8050 8079 8093 8148 8162 8217 8231 8273 8287 8329 8343 8372 8387 8416 8428 8449 8479 8524 8563 8604 8634 8679 8718 8759 8791 8806 8825 8862 8874 8912 8953 8995 9034 9042 9051 9085 9112 9145 9174 9203 9229 9272 9316 9364 9412 9460 9465 9501 9534 9601 9668 9735 9781 9799 9851 9906 9973 10040 10107 10153 10171 10223 10278 10335 10392 10449 10505 10510 10536 10598 10646 10694 10741 10788 10837 10888 10943 10991 11039 11090 11140 11145 11171 11233 11281 11329 11376 11423 11472 11523 11578 11626 11674 11725 11775 11780 11816 11867 11914 11919 11955 12006 12053 12058 12090 12151 12212 12273 12334 12398 12449 12454 12486 12547 12608 12669 12730 12794 12845 12850 12868 12920 12935 13021 13036 13090 13113 13171 13215 13294 13335 13340 13358 13410 13425 13513 13528 13582 13605 13663 13707 13786 13827 13832 13862 13877 13913 13965 14019 14036 14072 14126 14182 14260 14340 14355 14391 14442 14495 14506 14596 14608 14644 14684 14726 14778 14822 14864 14869 14908 14974 15040 15106 15172 15238 15308 15374 15444 15510 15580 15646 15716 15772 15828 15884 15939 15944 15975 16045 16115 16185 16255 16334 16403 16461 16540 16609 16667 16720 16769 16822 16875 16929 16981 16986 17011 17045 17079 17132 17163 17196 17247 17299 17360 17412 17468 17473 17498 17532 17566 17619 17658 17712 17763 17815 17876 17928 17984 17989 18016 18050 18084 18136 18192 18245 18303 18361 18418 18469 18521 18582 18639 18698 18757 18813 18818 18845 18879 18913 18965 19021 19074 19132 19190 19247 19298 19350 19411 19468 19527 19586 19642 19647 19679 19722 19765 19826 19887 19947 20007 20069 20133 20201 20265 20326 20387 20451 20511 20588 20665 20741 20817 20895 20975 21059 21139 21217 21294 21373 21378 21410 21453 21496 21557 21618 21678 21738 21800 21864 21932 21996 22057 22118 22182 22242 22319 22396 22472 22548 22626 22706 22790 22870 22948 23025 23104 23109 23137 23173 23209 23230 23284 23324 23358 23400 23490 23572 23635 23694 23748 23810 23876 23935 23993 24057 24099 24104 24132 24168 24204 24225 24279 24319 24353 24395 24485 24566 24629 24688 24742 24804 24870 24929 24987 25051 25110 25115 25148 25187 25226 25300 25373 25449 25506 25581 25655 25731 25736 25769 25808 25847 25921 25994 26070 26127 26202 26276 26352 26357 26386 26420 26454 26499 26559 26621 26680 26740 26801 26806 26835 26869 26903 26948 27008 27070 27129 27189 27250 27255 27289 27328 27367 27441 27518 27592 27668 27673 27707 27746 27785 27859 27936 28010 28086 28091 28122 28153 28180 28214 28254 28295 28320 28354 28407 28461 28490 28524 28568 28613 28640 28674 28730 28787 28815 28849 28902 28956 28984 29018 29067 29117 29141 29175 29224 29274 29284 29285
file 1 ../hagent/dino/build/build_dualissue_d/StageReg_12.sv
filehash 1 16423035376094910154
filelines 1 27 0 38 58 74 90 120 153 185 219 222 223 248 276 308 329 362 398 406 421 469 523 531 558 610 668 678 679
file 2 ../hagent/dino/build/build_dualissue_d/StageReg_10.sv
filehash 2 10760325324011746842
filelines 2 33 0 38 58 81 104 136 169 204 238 273 309 312 313 340 368 398 430 451 480 510 542 550 565 603 643 687 695 722 764 808 856 866 867
file 3 ../hagent/dino/build/build_dualissue_d/Control.sv
filehash 3 13677507085435241787
filelines 3 64 0 38 54 80 105 130 154 178 204 232 264 289 314 342 369 372 373 415 457 500 542 585 628 671 714 757 800 844 889 905 995 1040 1087 1149 1195 1273 1346 1365 1441 1496 1515 1532 1545 1560 1577 1665 1728 1751 1831 1867 1880 1931 1958 2036 2115 2161 2184 2243 2328 2354 2377 2457 2467 2468
file 4 ../hagent/dino/build/build_dualissue_d/ALU.sv
filehash 4 5600396198440927061
filelines 4 70 0 38 50 80 107 134 160 163 164 190 261 329 416 484 551 628 648 678 693 736 751 803 818 838 864 923 966 981 1001 1027 1086 1148 1163 1183 1209 1268 1305 1320 1363 1378 1421 1436 1456 1482 1539 1576 1591 1611 1637 1702 1739 1754 1824 1839 1885 1900 1971 1986 2039 2054 2107 2122 2175 2190 2217 2229 2250 2282 2292 2293
file 5 ../hagent/dino/build/build_dualissue_d/ALUControl.sv
filehash 5 16228690043011431351
filelines 5 41 0 38 57 82 107 133 159 187 215 218 219 242 262 284 298 318 357 391 455 469 510 524 550 564 590 604 630 644 664 697 731 800 814 840 855 881 893 914 967 977 978
file 6 ../hagent/dino/build/build_dualissue_d/DualIssueIssueUnit.sv
filehash 6 12994607352638645154
filelines 6 74 0 38 39 112 131 150 186 208 233 255 284 285 374 403 432 488 520 555 587 626 653 676 699 722 747 774 805 836 867 870 871 917 974 1031 1087 1145 1203 1261 1319 1391 1465 1521 1554 1580 1657 1714 1793 1854 1937 2024 2055 2128 2200 2275 2344 2435 2510 2530 2564 2629 2664 2723 2748 2766 2776 2805 2835 2856 2947 3023 3111 3174 3184 3185
file 7 ../hagent/dino/build/build_dualissue_d/DualIssueForwardingUnit.sv
filehash 7 8447482172088386048
filelines 7 61 0 38 70 102 134 166 198 230 262 294 326 357 388 419 450 484 518 552 585 588 589 618 696 709 791 808 892 913 1001 1026 1052 1081 1159 1172 1254 1271 1355 1376 1464 1489 1515 1544 1622 1635 1717 1734 1818 1839 1929 1953 1982 2060 2073 2155 2172 2256 2277 2367 2391 2401 2402
file 8 ../hagent/dino/build/build_dualissue_d/StageReg.sv
filehash 8 7613505582722196380
filelines 8 41 0 38 55 78 101 136 162 193 219 245 282 310 342 345 346 376 397 423 455 476 508 531 558 566 581 607 641 666 676 707 753 781 791 866 874 901 949 979 1019 1029 1030
file 9 ../hagent/dino/build/build_dualissue_d/DualIssueRegisterFile.sv
filehash 9 15487902702467785997
filelines 9 563 0 38 68 91 126 161 196 232 262 297 332 367 403 433 469 505 541 576 579 580 602 624 646 668 690 712 734 756 778 800 823 846 869 892 915 938 961 984 1007 1030 1053 1076 1099 1122 1145 1168 1191 1214 1237 1260 1283 1306 1331 1351 1381 1397 1425 1441 1469 1485 1513 1529 1557 1573 1601 1617 1645 1661 1689 1705 1733 1749 1777 1793 1821 1837 1866 1882 1911 1927 1956 1972 2001 2017 2046 2062 2091 2107 2136 2152 2181 2197 2226 2242 2271 2287 2316 2332 2361 2377 2406 2422 2451 2467 2496 2512 2541 2557 2586 2602 2631 2647 2676 2692 2721 2737 2766 2781 2810 2822 2843 2870 2890 2920 2936 2966 2982 3012 3028 3058 3074 3104 3120 3150 3166 3196 3212 3242 3258 3288 3304 3334 3350 3380 3396 3427 3443 3474 3490 3521 3537 3568 3584 3615 3631 3662 3678 3709 3725 3756 3772 3803 3819 3850 3866 3897 3913 3944 3960 3991 4007 4038 4054 4085 4101 4132 4148 4179 4195 4226 4242 4273 4289 4320 4336 4367 4382 4413 4425 4446 4473 4493 4523 4539 4569 4585 4615 4631 4661 4677 4707 4723 4753 4769 4799 4815 4845 4861 4891 4907 4937 4953 4983 4999 5030 5046 5077 5093 5124 5140 5171 5187 5218 5234 5265 5281 5312 5328 5359 5375 5406 5422 5453 5469 5500 5516 5547 5563 5594 5610 5641 5657 5688 5704 5735 5751 5782 5798 5829 5845 5876 5892 5923 5939 5970 5985 6016 6028 6049 6076 6096 6126 6142 6172 6188 6218 6234 6264 6280 6310 6326 6356 6372 6402 6418 6448 6464 6494 6510 6540 6556 6586 6602 6633 6649 6680 6696 6727 6743 6774 6790 6821 6837 6868 6884 6915 6931 6962 6978 7009 7025 7056 7072 7103 7119 7150 7166 7197 7213 7244 7260 7291 7307 7338 7354 7385 7401 7432 7448 7479 7495 7526 7542 7573 7588 7619 7631 7652 7700 7750 7800 7850 7900 7950 8000 8050 8100 8150 8200 8251 8302 8353 8404 8455 8507 8559 8611 8663 8715 8767 8819 8871 8923 8975 9027 9079 9131 9183 9235 9267 9351 9367 9405 9423 9461 9479 9517 9535 9573 9591 9629 9647 9685 9703 9741 9759 9797 9815 9853 9871 9909 9927 9966 9985 10024 10043 10082 10101 10140 10159 10198 10217 10256 10275 10314 10333 10372 10391 10430 10449 10488 10507 10546 10565 10604 10623 10662 10681 10720 10739 10778 10797 10836 10855 10894 10913 10952 10971 11010 11029 11068 11087 11126 11156 11195 11203 11218 11249 11287 11344 11382 11415 11453 11510 11548 11581 11619 11676 11714 11747 11785 11842 11880 11913 11951 12008 12046 12079 12117 12174 12212 12245 12283 12340 12378 12411 12449 12506 12544 12577 12615 12672 12710 12743 12781 12838 12876 12909 12948 13005 13044 13078 13117 13174 13213 13247 13286 13343 13382 13416 13455 13512 13551 13585 13624 13681 13720 13754 13793 13850 13889 13923 13962 14020 14059 14093 14132 14190 14229 14263 14302 14360 14399 14433 14472 14530 14569 14603 14642 14700 14739 14773 14812 14870 14909 14943 14982 15040 15079 15113 15152 15210 15249 15283 15322 15380 15419 15453 15492 15550 15589 15623 15662 15720 15759 15793 15832 15890 15929 15963 16002 16060 16099 16133 16172 16230 16269 16303 16342 16400 16439 16486 16525 16577 16616 16624 16651 16692 16735 16778 16821 16831 16832
file 10 ../hagent/dino/build/build_dualissue_d/StageReg_4.sv
filehash 10 10903737927099339764
filelines 10 82 0 38 57 79 101 137 173 208 243 280 319 362 401 438 474 513 538 576 614 651 688 727 768 813 854 893 931 971 974 975 1006 1037 1067 1097 1129 1163 1201 1235 1267 1298 1332 1364 1385 1418 1451 1483 1515 1549 1585 1625 1661 1695 1728 1764 1772 1787 1847 1907 1965 2029 2091 2163 2237 2303 2371 2431 2497 2505 2532 2584 2636 2686 2736 2790 2848 2914 2972 3026 3078 3136 3146 3147
file 11 ../hagent/dino/build/build_dualissue_d/StageReg_6.sv
filehash 11 16567117960759830396
filelines 11 52 0 38 57 80 103 136 173 203 232 267 298 324 359 398 430 461 498 530 533 534 562 594 619 643 673 699 731 752 782 816 843 868 900 927 935 950 1009 1076 1129 1173 1236 1284 1292 1319 1363 1415 1453 1489 1537 1577 1587 1588
file 12 ../hagent/dino/build/build_dualissue_d/StageReg_2.sv
filehash 12 4715428410420907783
filelines 12 52 0 38 57 80 103 129 164 195 228 261 292 318 346 383 416 451 486 518 521 522 543 573 599 627 655 681 713 734 757 789 817 847 877 904 912 927 972 1035 1090 1149 1208 1256 1264 1291 1321 1369 1409 1453 1497 1537 1547 1548
file 13 ../hagent/dino/build/build_dualissue_d/StageReg_8.sv
filehash 13 2513724166752328479
filelines 13 34 0 38 57 79 101 138 174 213 238 277 315 355 358 359 391 422 456 488 509 543 576 612 620 635 703 763 829 837 864 918 970 1028 1038 1039
file 14 ../hagent/dino/build/build_dualissue_d/ImmediateGenerator.sv
filehash 14 14456789649578091524
filelines 14 41 0 38 65 97 124 127 128 150 183 248 285 354 395 438 478 515 555 578 623 693 742 793 837 885 932 963 1015 1093 1150 1209 1265 1320 1381 1467 1532 1622 1691 1766 1817 1827 1828
file 15 ../hagent/dino/build/build_dualissue_d/DualIssueHazardUnit.sv
filehash 15 1112362384406818862
filelines 15 38 0 38 66 98 130 162 194 232 265 302 340 373 410 441 468 499 530 562 592 595 596 667 681 707 788 872 900 981 1066 1114 1158 1194 1234 1285 1330 1374 1384 1385
file 16 ../hagent/dino/build/build_dualissue_d/DualIssueNextPC.sv
filehash 16 17224066414897242152
filelines 16 29 0 38 62 89 118 145 172 199 222 246 278 305 330 333 334 348 415 506 593 662 683 697 778 801 868 928 983 993 994
span 840237049982618060 0 27269 27269 608
span 3301800659554314859 1 229 229 11
span 11342388528954456953 1 254 254 12
span 1645839946142965565 1 194 194 8
span 16869706383176872942 1 162 162 7
span 7113759907859497892 1 312 530 14
span 7768438185097950901 1 368 397 16
span 3911231142219708831 1 335 361 15
span 13394393134969732740 1 475 522 20
span 5166659817298211856 1 427 468 19
span 535887995544028085 1 567 608 23
span 16266462303311167752 1 619 666 24
span 2431741812200195579 0 26371 26371 588
span 7589517348226670440 2 326 326 13
span 1906694437837008660 2 353 353 14
span 3333599087481968244 2 381 381 15
span 16524572370117965487 2 254 254 9
span 9787297735413672410 2 289 289 10
span 2819378199940254253 2 220 220 8
span 3179451104195774380 2 434 694 17
span 463689683396000806 2 486 509 19
span 795638558986085707 2 516 541 20
span 128787867972654634 2 457 479 18
span 3203841986605036130 2 609 642 24
span 3512537922042344045 2 649 686 25
span 6514983462324946881 2 571 602 23
span 10078434357231827751 2 731 762 28
span 918057626805637302 2 773 806 29
span 9545086703833386535 2 817 854 30
span 1456050493701819139 0 10520 10520 277
span 11121051790166471239 3 380 380 17
span 10225462849080409465 3 120 120 5
span 3118217564191133636 3 193 193 8
span 8379389610611813836 3 95 95 4
span 3729971308117783141 3 219 219 9
span 9734407867482697608 3 279 279 11
span 8808347201087665732 3 329 329 13
span 7562056563000079575 3 247 247 10
span 8122329989546051988 3 145 145 6
span 3125882023366073275 3 169 169 7
span 13514974248369405765 3 304 304 12
span 9019213207102973754 3 357 357 14
span 357509389559637826 3 422 422 18
span 5628880226497297374 3 464 464 19
span 6552633887603972326 3 507 507 20
span 9374765644072600741 3 549 549 21
span 10315646402748889144 3 592 592 22
span 265184444727874626 3 635 635 23
span 3345651088495375959 3 678 678 24
span 9105331171327826232 3 721 721 25
span 7370319302140097359 3 764 764 26
span 5870261327113810643 3 807 807 27
span 17457377522325384816 3 851 851 28
span 11640989950133318056 3 896 896 29
span 11587631265846463496 3 1002 1002 31
span 7342825563287146145 3 1047 1047 32
span 2500208762641179748 3 1094 1094 33
span 1494877396335489917 3 1156 1156 34
span 11544469914648615007 3 1204 1271 35
span 11743876514984415754 3 1282 1344 36
span 1622184249669820836 3 1355 1494 37
span 16319274977772202997 3 1505 1663 40
span 2510443898099199718 3 1674 1726 46
span 5868274691475880576 3 1737 1929 47
span 11536125660661270140 3 1940 2034 52
span 12442198460916007149 3 2045 2113 54
span 5718526837132792325 3 2124 2159 55
span 12984787961054841989 3 2170 2352 56
span 3942255493677340316 3 2363 2455 60
span 17650161079843553689 0 12856 12856 329
span 9330079625148485225 4 205 205 10
span 12612556626830530847 4 276 276 11
span 1433878388156858103 4 344 344 12
span 358811686569337268 4 431 431 13
span 5900732816208495985 4 499 499 14
span 10879357053789198154 4 566 566 15
span 8648440186694855450 4 150 150 6
span 16523160395466448719 4 652 2228 17
span 1124488266812079590 4 701 735 19
span 15160252479657493773 4 179 179 9
span 13392556160718906256 4 759 802 21
span 15004475903001433945 4 826 965 23
span 18314761536950033339 4 989 1147 28
span 8353475435803925782 4 1171 1304 33
span 10270551608420406879 4 1328 1362 38
span 14689510812508087533 4 1386 1420 40
span 12350810674082336750 4 1444 1575 42
span 18326049679957199523 4 1599 1738 47
span 7982915291468631984 4 1762 1823 52
span 12855144378026636968 4 1847 1884 54
span 87496033422037016 4 1908 1970 56
span 5103547934759018006 4 1994 2038 58
span 9118366097363824619 4 2062 2106 60
span 8885112940471271055 4 2130 2174 62
span 10945677700780391378 4 2198 2216 64
span 13977061203641876757 4 2259 2280 67
span 5553321399844324284 0 12071 12071 313
span 206693688250294583 5 202 202 8
span 6923965160237700281 5 266 892 13
span 15441512792123210003 5 306 454 15
span 15409675639031518472 5 231 231 11
span 14618666218505061752 5 477 509 20
span 10539434987207877524 5 532 549 22
span 17980202505946414766 5 572 589 24
span 5693994800517290487 5 612 629 26
span 4050025425404713043 5 652 799 28
span 7012629762435954975 5 822 839 33
span 4613955874407780852 5 863 880 35
span 10296454227711146475 5 923 965 38
span 8820042879307112345 0 45 45 2
span 16251523496220670519 0 6009 6009 138
span 16457866098195100183 0 6027 6027 139
span 15156906554466564025 0 3933 3933 87
span 1681184309004102448 0 6114 6114 140
span 17388726846995607602 0 3802 3802 84
span 48266764867628969 0 770 770 25
span 8324766108420173591 0 1027 1027 30
span 8214288236508621802 0 1073 1073 31
span 5486721156897451326 0 292 292 10
span 8314281228329283675 0 488 488 16
span 4602228505674708373 0 421 421 14
span 5315221496045783688 0 454 454 15
span 4204881920899789249 0 522 522 17
span 1520138390832383456 0 325 325 11
span 12337099558405620092 0 386 386 13
span 4515823266378965843 0 130 130 5
span 5593716433244511084 0 163 163 6
span 16928719739667758363 0 621 621 22
span 15914947905095091864 0 655 655 23
span 5125723496913300219 0 885 885 27
span 15618519539167480590 0 931 931 28
span 14909826744042436836 0 587 587 21
span 15952680194492765662 0 9133 9133 246
span 13550143006807401503 0 5852 5852 134
span 10052224170894507457 0 5888 5888 135
span 14582408900338594472 0 5928 5928 136
span 8696761240956684091 0 5968 5968 137
span 16779927533195540090 0 9559 9598 258
span 9286989730306880323 0 9626 9665 259
span 5539830721632457561 0 1120 1120 32
span 13375744095377662373 0 9806 9903 263
span 4070234546326047394 0 826 826 26
span 17137633659318041360 0 9931 9970 265
span 2945298168621549869 0 9998 10037 266
span 9261196604341448997 0 978 978 29
span 12505053258461114878 0 10178 10275 270
span 5554252095163157009 0 711 711 24
span 6458713385783301947 0 9489 9489 256
span 1108804462808371853 0 5672 5672 130
span 8130481029063872561 0 5717 5717 131
span 16325705469831231698 0 5762 5762 132
span 14693646594385193517 0 5807 5807 133
span 12674261796808892254 0 10558 10595 278
span 4455621137084286123 0 5228 5228 119
span 305821693009693569 0 5267 5267 120
span 7470128093953760125 0 5306 5306 121
span 2467398909686100454 0 5344 5344 122
span 4879298347987096345 0 5382 5382 123
span 9299763619020382740 0 5422 5422 124
span 9785843868144595681 0 5464 5464 125
span 8444626498828778606 0 5510 5510 126
span 5074023505112543724 0 5549 5549 127
span 9474784194917448720 0 5588 5588 128
span 8285951402246930284 0 5630 5630 129
span 17484627330691585832 0 11193 11230 292
span 17460524504549454931 0 11155 11155 291
span 7783762678069666715 0 4784 4784 108
span 2933140137264388721 0 4823 4823 109
span 12669851880328978716 0 4862 4862 110
span 6435438656786778122 0 4900 4900 111
span 18266103453543347354 0 4938 4938 112
span 10093721054922618267 0 4978 4978 113
span 14930320563547000280 0 5020 5020 114
span 6143586933824372877 0 5066 5066 115
span 10009200040141448330 0 5105 5105 116
span 13453163383397937813 0 5144 5144 117
span 12264054086659470071 0 5186 5186 118
span 189777897991575971 0 11801 11801 305
span 8731862915856782417 0 4744 4744 107
span 2790166532504483333 0 11940 11940 309
span 9079032131217309622 0 4704 4704 106
span 7939829315372966714 0 2702 2702 62
span 14101809482343689338 0 2647 2647 61
span 4418434054092698856 0 3574 3574 79
span 10765570070748678008 0 12292 12331 317
span 14805554943007049248 0 3041 3041 68
span 9569008886730092820 0 4658 4658 105
span 14772037782436867708 0 2081 2081 51
span 5493108149584175966 0 2026 2026 50
span 10111411719586846582 0 3307 3307 73
span 13620949037212696403 0 12688 12727 325
span 10778881290899651274 0 2420 2420 57
span 14338053735833156730 0 12467 12467 321
span 3046149555030858248 0 4612 4612 104
span 4352595489513277100 0 14932 14971 379
span 4891931220062201337 0 14998 15037 380
span 2267218117499593955 0 15064 15103 381
span 1100501092473517004 0 15130 15169 382
span 9785961316953453989 0 1977 1977 49
span 15939903023125082515 0 1454 1454 38
span 17458065653926626435 0 1698 1698 43
span 17138255973856658449 0 1282 1282 35
span 15591381948667256534 0 15468 15507 387
span 11284134987646053088 0 15604 15643 389
span 3490632600253588720 0 14895 14895 378
span 9691517079165600795 0 4289 4289 96
span 1071664563144219110 0 4334 4334 97
span 2427997654836875297 0 4379 4379 98
span 7463822601635103776 0 4424 4424 99
span 18232807241275224232 0 16003 16042 397
span 16976047143026086029 0 16073 16112 398
span 769794282539489020 0 16143 16182 399
span 12987985446656565714 0 16213 16252 400
span 15513018575256573395 0 3099 3099 69
span 8536503025937673859 0 16362 16400 402
span 1824863273172488385 0 1934 1934 48
span 11749314867130120887 0 2478 2478 58
span 13753689545607486969 0 16568 16606 405
span 15216980577321016926 0 1655 1655 42
span 11594046442976089630 0 15966 15966 396
span 13412902319193368894 0 4064 4064 90
span 9907622810344391794 0 4102 4102 91
span 4180057119702929092 0 4136 4136 92
span 4469208786351627266 0 4174 4174 93
span 14472649128800757708 0 4212 4212 94
span 13205552203189904238 0 4251 4251 95
span 4950105661500313024 0 17273 17296 421
span 6908450753137208580 0 16997 16997 414
span 14476308535637989613 0 3981 3981 88
span 5397712072921079924 0 4020 4020 89
span 15741467289984045208 0 17645 17655 430
span 225386634955310861 0 17789 17812 433
span 13724477086805740911 0 17484 17484 426
span 902764141959648420 0 3850 3850 85
span 5432581968725398250 0 3889 3889 86
span 6709935162673311957 0 18002 18002 438
span 7147680320899820445 0 3535 3535 78
span 12399793258707810311 0 3622 3622 80
span 15986212287926737481 0 3666 3666 81
span 10496588521986277071 0 3712 3712 82
span 15306898139741215225 0 3758 3758 83
span 4628798627012649550 0 18831 18831 455
span 12845710009128061940 0 3268 3268 72
span 6669957647355664655 0 3355 3355 74
span 12995170696601079157 0 3399 3399 75
span 7034674232850695506 0 3445 3445 76
span 6574816369635979359 0 3491 3491 77
span 8222192763273864084 0 19660 19660 472
span 3388782426628161984 0 2757 2757 63
span 9807870006686694085 0 2811 2811 64
span 5391264389071765089 0 2865 2865 65
span 7997958127491462994 0 2921 2921 66
span 2430072735590594446 0 2979 2979 67
span 10397617119222707670 0 3155 3155 70
span 10619398250820684820 0 3210 3210 71
span 6060811466223024241 0 21391 21391 499
span 7600580715089542841 0 2136 2136 52
span 8533143093014696921 0 2190 2190 53
span 16073059074059470627 0 2244 2244 54
span 15678993834611716522 0 2300 2300 55
span 2643103409571438736 0 2358 2358 56
span 1435631716006352596 0 2534 2534 59
span 239965522201515527 0 2589 2589 60
span 6951404293615084171 0 25128 25128 566
span 5708736974683658014 0 1341 1341 36
span 658221783573406720 0 1398 1398 37
span 10778102623238558081 0 25749 25749 577
span 16225242902480625732 0 1169 1169 33
span 1226716895305817546 0 1226 1226 34
span 11029577346962361771 0 1792 1792 45
span 14566764793364697185 0 1513 1513 39
span 8305916314993118380 0 26820 26820 598
span 14990830670903287042 0 27687 27687 616
span 11282773110567928178 0 28100 28120 624
span 15709612354659473875 0 1747 1747 44
span 5314744094471754448 0 28304 28459 630
span 8020423201136398811 0 1560 1560 40
span 9948578610133538823 0 1839 1839 46
span 6955062009572667966 0 28470 28611 634
span 8815182241350942951 0 28622 28785 638
span 9253868620268919750 0 28796 28954 642
span 16780714500730739415 0 28965 29115 646
span 13798319012509223071 0 29126 29272 650
span 11729304371595186855 0 6236 6717 143
span 13345996941040787901 0 6201 6201 141
span 7789317967256853272 0 6362 6406 147
span 3378610790901505536 0 6429 6473 149
span 15493898297894566488 0 6496 6527 151
span 5078404700201975178 0 6550 6581 153
span 6143704042322155486 0 6604 6622 155
span 11915852224528516419 0 6645 6663 157
span 14209828625306802752 0 6687 6705 159
span 10060802249436036187 0 6790 7287 164
span 6537410356874892236 0 6753 6753 162
span 10887324135435603440 0 6918 6964 168
span 5604335687550523648 0 6987 7033 170
span 16357197376026361521 0 7056 7089 172
span 4467367381121661964 0 7112 7145 174
span 14881526845356196418 0 7168 7188 176
span 17739933584736613641 0 7211 7231 178
span 15844379355934573637 0 7255 7275 180
span 2149927513170880069 0 7360 7857 185
span 10890303425658413935 0 7323 7323 183
span 8667139121531374703 0 7488 7508 189
span 125022812259420823 0 7531 7577 191
span 8756543740150564846 0 7600 7646 193
span 8744790106891443819 0 7669 7702 195
span 8716485882953380922 0 7725 7758 197
span 11660978792788547250 0 7781 7801 199
span 1254323684272320814 0 7825 7845 201
span 2399902764464810849 0 7930 8427 206
span 10520480135747789463 0 7893 7893 204
span 9133483629222384646 0 8058 8078 210
span 365317144678443751 0 8101 8147 212
span 17614410008252581438 0 8170 8216 214
span 3652259623600003917 0 8239 8272 216
span 13237499926415408184 0 8295 8328 218
span 4880146478283508561 0 8351 8371 220
span 1823073947552328512 0 8395 8415 222
span 7937419587610941457 0 8795 9084 234
span 11970271377055958560 0 8812 8824 235
span 16544213747155794308 0 8834 9084 236
span 4663460765959599073 0 1611 1611 41
span 2544469084069732684 0 1890 1890 47
span 4916857566837203521 0 8868 8994 237
span 6458355638108951982 0 9004 9084 241
span 15484701264563040650 0 9057 9084 244
span 12480277202773527914 0 12942 13018 332
span 8573770946696664180 0 13043 13291 334
span 13792486731178006133 0 4576 4576 103
span 12509976564983489464 0 13432 13510 344
span 6964596393311846892 0 13535 13783 346
span 16175149245368710017 0 13346 13346 341
span 10927887670001903670 0 4540 4540 102
span 2407258315258474593 0 13884 14016 355
span 11473644393561782460 0 14043 14179 359
span 983854342719479686 0 14203 14257 362
span 9532238537371150827 0 14281 14337 363
span 11357027943140061122 0 14362 14492 365
span 14140373827317833680 0 14513 14593 369
span 1327165613464814557 0 14615 14723 371
span 8015853211890013750 0 13850 13850 353
span 8099484119432297995 0 4469 4469 100
span 17004061026858481310 0 4505 4505 101
span 4228425490624127085 0 23237 23355 530
span 1053346142322491824 0 23428 23487 534
span 10009210485925006034 0 23518 23569 535
span 16399514577846371507 0 23122 23122 526
span 9876494737499712036 0 24232 24350 550
span 5638803936766734868 0 24423 24482 554
span 9358166434853340128 0 24513 24563 555
span 2486430655857208895 0 24117 24117 546
span 7556946257567078457 6 885 885 31
span 10634003642450948842 6 931 931 32
span 8790306253144003307 6 763 763 25
span 10936127200410218436 6 790 790 26
span 12312207402488961910 6 821 821 27
span 4025421990930668228 6 852 852 28
span 8965117716428340917 6 988 988 33
span 10751600639871045489 6 1045 1045 34
span 11301587834444128691 6 1101 1101 35
span 16246221105436583694 6 1159 1159 36
span 1646593510442985205 6 1217 1217 37
span 14979844171009853715 6 1275 1275 38
span 6781538824936524102 6 1333 1333 39
span 2510236363495627784 6 1405 1405 40
span 16937942872115463575 6 1479 1479 41
span 15512757366740939851 6 1535 1535 42
span 18205893541016113648 6 2844 2945 67
span 416476448153991055 6 2956 3021 69
span 4776326198761374911 6 3032 3109 70
span 2711843811739858572 6 3120 3172 71
span 14309656033410065650 7 598 1050 21
span 6031150716726315923 7 465 465 15
span 2611277586837068914 7 499 499 16
span 14403050439912995517 7 533 533 17
span 7659350235641891728 7 567 567 18
span 11915392077482247062 7 1061 1513 31
span 17571447418140151976 7 1524 1951 41
span 4926380780803070170 7 1962 2389 50
span 4505863081493375011 8 359 359 15
span 4530721666931496710 8 389 389 16
span 15271545815146001108 8 410 410 17
span 14072017497100901180 8 261 261 10
span 16246370466453804242 8 326 326 12
span 17798417600725083371 8 298 298 11
span 17395411571197490606 8 459 873 19
span 1316825152313499095 8 482 507 20
span 16403225256240570024 8 537 557 22
span 15511723644844343364 8 514 530 21
span 5541702528455377552 8 587 790 25
span 15258666648167900713 8 615 640 26
span 13239913311727409445 8 649 665 27
span 10359237331994343151 8 687 790 29
span 11950328001052466184 8 715 752 30
span 9369711619636831386 8 761 780 31
span 6147244131558449703 8 797 865 33
span 14204684471584294742 8 910 947 36
span 10272012936461568017 8 958 977 37
span 12376496795752249304 8 988 1017 38
span 10026033998730363626 9 594 594 20
span 1704457795016086360 9 616 616 21
span 10017851291478957732 9 638 638 22
span 15660688752029983562 9 660 660 23
span 14075341435272878629 9 682 682 24
span 6840176002107019259 9 704 704 25
span 10035474467304434624 9 726 726 26
span 12286646032340654423 9 748 748 27
span 1639079426853234862 9 770 770 28
span 2088842550754777261 9 792 792 29
span 12555970543174414325 9 814 814 30
span 6130679531274148598 9 837 837 31
span 2890408403514941579 9 860 860 32
span 10992671353431820031 9 883 883 33
span 14567400598261167833 9 906 906 34
span 12025641400227549489 9 929 929 35
span 10606961820355973180 9 952 952 36
span 11789073707077657835 9 975 975 37
span 15781915793854329563 9 998 998 38
span 10720116746416993813 9 1021 1021 39
span 3723216697462620989 9 1044 1044 40
span 9875801837184368051 9 1067 1067 41
span 4698416734139378276 9 1090 1090 42
span 17517873583653530488 9 1113 1113 43
span 145939094206655577 9 1136 1136 44
span 3170422026166881491 9 1159 1159 45
span 11452757954783599891 9 1182 1182 46
span 16990311788844779151 9 1205 1205 47
span 4438155107833025305 9 1228 1228 48
span 16781861279879940017 9 1251 1251 49
span 17424264037852063396 9 1274 1274 50
span 861485753804667854 9 1297 1297 51
span 7918723863989858910 9 449 449 14
span 17122033400888245902 9 485 485 15
span 8604248796415070668 9 521 521 16
span 15566562003272538331 9 557 557 17
span 5162160789985973661 9 1355 2821 54
span 15099122820584288947 9 1320 1320 52
span 18273041943568569379 9 1449 1468 58
span 12931385010889940472 9 1493 1512 60
span 13564630980941372140 9 1537 1556 62
span 8072149704113842220 9 1581 1600 64
span 6617615834426499395 9 1625 1644 66
span 11796657017937567304 9 1669 1688 68
span 12021155865447275747 9 1713 1732 70
span 10734588241118686740 9 1757 1776 72
span 17618113847397981181 9 1801 1820 74
span 11752547811646677015 9 1845 1865 76
span 209408371891535052 9 1890 1910 78
span 6141622575389990455 9 1935 1955 80
span 2079239321988753922 9 1980 2000 82
span 1347523646068075644 9 2025 2045 84
span 380304578523473473 9 2070 2090 86
span 3965688952835642770 9 2115 2135 88
span 9264949809580744158 9 2160 2180 90
span 3390096793441379857 9 2205 2225 92
span 13148722346083485335 9 2250 2270 94
span 2509300531480462543 9 2295 2315 96
span 3529493873382509291 9 2340 2360 98
span 13650376718402178065 9 2385 2405 100
span 3926876193785354722 9 2430 2450 102
span 18351731931155701067 9 2475 2495 104
span 761573516403752255 9 2520 2540 106
span 17227668887686992995 9 2565 2585 108
span 3451664204136094789 9 2610 2630 110
span 18098978847744413747 9 2655 2675 112
span 8016149269180082623 9 2700 2720 114
span 665034176130343646 9 2745 2765 116
span 36464033294120847 9 2789 2809 118
span 10185468789439741608 9 2894 4424 123
span 9242915671408282849 9 2857 2857 121
span 6324379906223320900 9 2990 3011 127
span 16760030923054777488 9 3036 3057 129
span 3027167284123200967 9 3082 3103 131
span 9578836502101042978 9 3128 3149 133
span 8469689850162608969 9 3174 3195 135
span 5075188669274300621 9 3220 3241 137
span 2204018530648551363 9 3266 3287 139
span 8404509879475238375 9 3312 3333 141
span 13089111381647811582 9 3358 3379 143
span 1743384293093048721 9 3404 3426 145
span 8047446861095292375 9 3451 3473 147
span 7461645334056166598 9 3498 3520 149
span 15825039155517551178 9 3545 3567 151
span 7621219286430575296 9 3592 3614 153
span 14774880256378650136 9 3639 3661 155
span 10020126927952510861 9 3686 3708 157
span 17946154592384730653 9 3733 3755 159
span 2313951769973284660 9 3780 3802 161
span 7144454676382222391 9 3827 3849 163
span 991710417186233597 9 3874 3896 165
span 14740651736720634801 9 3921 3943 167
span 9747417879111819990 9 3968 3990 169
span 911992478733813554 9 4015 4037 171
span 4596622837256661091 9 4062 4084 173
span 6930119433280611379 9 4109 4131 175
span 9891210592403214830 9 4156 4178 177
span 9773508697357390650 9 4203 4225 179
span 9085698414011899616 9 4250 4272 181
span 14687175121737460354 9 4297 4319 183
span 937328914123516524 9 4344 4366 185
span 992982839373885928 9 4390 4412 187
span 10124103534498174057 9 4497 6027 192
span 14438011968155119836 9 4460 4460 190
span 16787100467236685099 9 4593 4614 196
span 14770846166696829600 9 4639 4660 198
span 13075866087414731908 9 4685 4706 200
span 188112683055783662 9 4731 4752 202
span 8178555656901148744 9 4777 4798 204
span 12436445192967107062 9 4823 4844 206
span 17599583736476360015 9 4869 4890 208
span 12254895708252610280 9 4915 4936 210
span 2427630795608936500 9 4961 4982 212
span 13386397239230682183 9 5007 5029 214
span 8152963641896238682 9 5054 5076 216
span 16827875957096547264 9 5101 5123 218
span 6515458370018756628 9 5148 5170 220
span 8336016016858591612 9 5195 5217 222
span 6395297993004267587 9 5242 5264 224
span 10814012410049535907 9 5289 5311 226
span 6576967929068108152 9 5336 5358 228
span 4227494560288681263 9 5383 5405 230
span 13041280841532463860 9 5430 5452 232
span 16302811434125074622 9 5477 5499 234
span 6479529083103136 9 5524 5546 236
span 13515647118572945076 9 5571 5593 238
span 7811622175909285011 9 5618 5640 240
span 12739586234210416282 9 5665 5687 242
span 875947277630338313 9 5712 5734 244
span 8693579207039632349 9 5759 5781 246
span 16620601285579790507 9 5806 5828 248
span 299591890482118449 9 5853 5875 250
span 15176833669662562348 9 5900 5922 252
span 8399777474377488861 9 5947 5969 254
span 14659559834312013084 9 5993 6015 256
span 18147482746241610386 9 6100 7630 261
span 8161845915416165703 9 6063 6063 259
span 13738925269308839861 9 6196 6217 265
span 16872690423230255903 9 6242 6263 267
span 237788364054664385 9 6288 6309 269
span 2022711716674619767 9 6334 6355 271
span 14572333197151673435 9 6380 6401 273
span 2760520012194953242 9 6426 6447 275
span 17063632171138643318 9 6472 6493 277
span 10115832943776984701 9 6518 6539 279
span 2467911438915770009 9 6564 6585 281
span 1659699818900223473 9 6610 6632 283
span 1404879625706305230 9 6657 6679 285
span 16493296014152596061 9 6704 6726 287
span 9003832618050254116 9 6751 6773 289
span 3422352728795454751 9 6798 6820 291
span 16867793786277196583 9 6845 6867 293
span 6996523428610460237 9 6892 6914 295
span 6168525468519427779 9 6939 6961 297
span 6233459310176335384 9 6986 7008 299
span 15233648670634053909 9 7033 7055 301
span 5370856243432509611 9 7080 7102 303
span 1511546509507031319 9 7127 7149 305
span 10349982461675977504 9 7174 7196 307
span 14583835267579645590 9 7221 7243 309
span 3759592798719174560 9 7268 7290 311
span 8311482473503704618 9 7315 7337 313
span 18267732420321865874 9 7362 7384 315
span 8530132042010558781 9 7409 7431 317
span 9248400030257727294 9 7456 7478 319
span 1212580143126064989 9 7503 7525 321
span 4780906769926328715 9 7550 7572 323
span 1685271942127689074 9 7596 7618 325
span 50094613913163128 9 7666 7666 328
span 7069453383680027040 9 7714 7714 329
span 12149283450985903007 9 7764 7764 330
span 13079057978397523958 9 7814 7814 331
span 12376638833295517203 9 7864 7864 332
span 8961137069651602204 9 7914 7914 333
span 16938483484376876625 9 7964 7964 334
span 13058204368644982998 9 8014 8014 335
span 3744439701356038870 9 8064 8064 336
span 11150729646270993367 9 8114 8114 337
span 9250972635208076280 9 8164 8164 338
span 6822608686265473075 9 8214 8214 339
span 3996991423805724608 9 8265 8265 340
span 7487958078036085607 9 8316 8316 341
span 11319388840781288088 9 8367 8367 342
span 765514259717159556 9 8418 8418 343
span 754297606598775050 9 8469 8469 344
span 13624399281423521882 9 8521 8521 345
span 2989071278091027117 9 8573 8573 346
span 6928322671605049844 9 8625 8625 347
span 18386516204544078663 9 8677 8677 348
span 4943991649830381921 9 8729 8729 349
span 7489599640293705962 9 8781 8781 350
span 2295466424989542447 9 8833 8833 351
span 14247137267200953974 9 8885 8885 352
span 1690036553635000571 9 8937 8937 353
span 15632971487374177404 9 8989 8989 354
span 7754738544971114665 9 9041 9041 355
span 10396322714410271695 9 9093 9093 356
span 13759150513985195865 9 9145 9145 357
span 208648163946008452 9 9197 9197 358
span 17029900320549494216 9 9271 16623 360
span 3139946043033811674 9 9357 9404 361
span 4214459255645026689 9 9375 9404 362
span 16553987461612130925 9 9411 9460 363
span 5862184581956645049 9 9431 9460 364
span 12786837172009009657 9 9467 9516 365
span 2707014842094156624 9 9487 9516 366
span 13803942792191615490 9 9523 9572 367
span 12087179755933042690 9 9543 9572 368
span 3595617430774824932 9 9579 9628 369
span 1099720919791787333 9 9599 9628 370
span 4741438855416367495 9 9635 9684 371
span 15145218406644725858 9 9655 9684 372
span 11406257448756615142 9 9691 9740 373
span 652483076233299901 9 9711 9740 374
span 11881373943002666440 9 9747 9796 375
span 10679753724117778849 9 9767 9796 376
span 3102462949803625465 9 9803 9852 377
span 2556443643957105051 9 9823 9852 378
span 15548925872403544512 9 9859 9908 379
span 15199856024157756347 9 9879 9908 380
span 6302324126980129130 9 9915 9965 381
span 12105162024371303510 9 9935 9965 382
span 7037972927352882900 9 9972 10023 383
span 2227562036863601104 9 9993 10023 384
span 18109306455210746019 9 10030 10081 385
span 4220388558928153338 9 10051 10081 386
span 11888969663367623568 9 10088 10139 387
span 9581511711304067979 9 10109 10139 388
span 3575989489647833583 9 10146 10197 389
span 14620205747512494199 9 10167 10197 390
span 15755595028264554703 9 10204 10255 391
span 14221822839730915814 9 10225 10255 392
span 9109236047812484592 9 10262 10313 393
span 9659856108823625959 9 10283 10313 394
span 10890566225037407093 9 10320 10371 395
span 12859393652873328591 9 10341 10371 396
span 9704273713486911744 9 10378 10429 397
span 10029992718941449171 9 10399 10429 398
span 18303954984978998924 9 10436 10487 399
span 737154946805351872 9 10457 10487 400
span 4537130739751501644 9 10494 10545 401
span 16813523815854855393 9 10515 10545 402
span 6798420605215523062 9 10552 10603 403
span 1469418403875734910 9 10573 10603 404
span 47885475924592233 9 10610 10661 405
span 1029747499507698851 9 10631 10661 406
span 256039102440964323 9 10668 10719 407
span 2304074484694466080 9 10689 10719 408
span 8944628747003157103 9 10726 10777 409
span 9444760451642605653 9 10747 10777 410
span 8048774701128986072 9 10784 10835 411
span 17694372016894005192 9 10805 10835 412
span 12191837489202450344 9 10842 10893 413
span 16180593640891670083 9 10863 10893 414
span 13181461210446136363 9 10900 10951 415
span 6646111337850101462 9 10921 10951 416
span 9843353885452295449 9 10958 11009 417
span 9168701099100727466 9 10979 11009 418
span 11028838957391763581 9 11016 11067 419
span 13056141530655935650 9 11037 11067 420
span 11749429143129845545 9 11074 11125 421
span 6180830336992029073 9 11095 11125 422
span 4584670012955293239 9 11132 11194 423
span 7367304337479311264 9 11164 11194 424
span 2454402448636737857 9 11224 11381 427
span 16301520422187155119 9 11257 11286 428
span 16249259055173881350 9 11298 11381 429
span 8798705465052490022 9 11352 11381 430
span 17446032131862740470 9 11388 11547 431
span 4624331610710764068 9 11423 11452 432
span 2325941622602455105 9 11464 11547 433
span 2369257721190675694 9 11518 11547 434
span 723319446090823790 9 11554 11713 435
span 1350472970375058714 9 11589 11618 436
span 10126680213716426531 9 11630 11713 437
span 17994777335765102943 9 11684 11713 438
span 4486167818315191564 9 11720 11879 439
span 5094925089136694738 9 11755 11784 440
span 11690695210064135198 9 11796 11879 441
span 16432492856886764209 9 11850 11879 442
span 8395920574163124939 9 11886 12045 443
span 7660717863482678331 9 11921 11950 444
span 4669657997582885327 9 11962 12045 445
span 6513577287275215215 9 12016 12045 446
span 14628664939315959045 9 12052 12211 447
span 15101627064596494694 9 12087 12116 448
span 3715420555630353991 9 12128 12211 449
span 1449702729984358505 9 12182 12211 450
span 13216951872448372044 9 12218 12377 451
span 15429467873411214763 9 12253 12282 452
span 2936707909026631446 9 12294 12377 453
span 11139979091227523822 9 12348 12377 454
span 7655342250278224052 9 12384 12543 455
span 12373493484398554116 9 12419 12448 456
span 2385893001797505746 9 12460 12543 457
span 3122529797475080544 9 12514 12543 458
span 263039286883373660 9 12550 12709 459
span 9683801934553522901 9 12585 12614 460
span 18245341946604925833 9 12626 12709 461
span 5821931530831629820 9 12680 12709 462
span 5195351407718221267 9 12716 12875 463
span 8249634811260947503 9 12751 12780 464
span 16353941721815742149 9 12792 12875 465
span 8386515013267494842 9 12846 12875 466
span 2834736709556791721 9 12882 13043 467
span 10063928322291375517 9 12917 12947 468
span 13592057708932758678 9 12959 13043 469
span 17468786360828678279 9 13013 13043 470
span 18258740709216867411 9 13050 13212 471
span 15886321010751196013 9 13086 13116 472
span 10882626964371707547 9 13128 13212 473
span 1330610731668880674 9 13182 13212 474
span 918588206413157586 9 13219 13381 475
span 18240203925341620809 9 13255 13285 476
span 1055274327405830894 9 13297 13381 477
span 3738536067124898746 9 13351 13381 478
span 3291153121805715042 9 13388 13550 479
span 2857207095603919358 9 13424 13454 480
span 14088978676331669243 9 13466 13550 481
span 16088122436592932700 9 13520 13550 482
span 8311460033728925889 9 13557 13719 483
span 14952525537619546349 9 13593 13623 484
span 4419132727529573594 9 13635 13719 485
span 4364186481013454486 9 13689 13719 486
span 1516180209474209581 9 13726 13888 487
span 2960366562407965992 9 13762 13792 488
span 3959908556128386328 9 13804 13888 489
span 6724838619129732434 9 13858 13888 490
span 15245785622204390619 9 13895 14058 491
span 13368428140997991665 9 13931 13961 492
span 286562057184708498 9 13973 14058 493
span 10853479050362248950 9 14028 14058 494
span 14380386153630999149 9 14065 14228 495
span 17386336223073920594 9 14101 14131 496
span 15515300262031862304 9 14143 14228 497
span 8232237313297856692 9 14198 14228 498
span 17170113918347894510 9 14235 14398 499
span 2497715145207836822 9 14271 14301 500
span 16894192465112440747 9 14313 14398 501
span 36406461269230323 9 14368 14398 502
span 7082540794935777158 9 14405 14568 503
span 4506278026172372082 9 14441 14471 504
span 10541378504403625214 9 14483 14568 505
span 3113962635059937463 9 14538 14568 506
span 7134822059842867598 9 14575 14738 507
span 963283061033039069 9 14611 14641 508
span 4687201374531793640 9 14653 14738 509
span 8987654394530480590 9 14708 14738 510
span 4916213639515758690 9 14745 14908 511
span 5021899836193563196 9 14781 14811 512
span 6642863356016711918 9 14823 14908 513
span 10634738186074940493 9 14878 14908 514
span 5101418346169381501 9 14915 15078 515
span 248133946392454054 9 14951 14981 516
span 9040158561655585480 9 14993 15078 517
span 16503770878368219221 9 15048 15078 518
span 13525930666718091093 9 15085 15248 519
span 9616565484091733317 9 15121 15151 520
span 852085682212383863 9 15163 15248 521
span 1045203371260726269 9 15218 15248 522
span 6453369344648492583 9 15255 15418 523
span 7821277760343661034 9 15291 15321 524
span 1716731308459635653 9 15333 15418 525
span 16458303348929266988 9 15388 15418 526
span 15728729306037059036 9 15425 15588 527
span 4147145365946195772 9 15461 15491 528
span 10581698262734168153 9 15503 15588 529
span 6373101131715841829 9 15558 15588 530
span 16795541915436365706 9 15595 15758 531
span 2470821331338744492 9 15631 15661 532
span 14345214283546274754 9 15673 15758 533
span 6127946531760991274 9 15728 15758 534
span 13646400432692862281 9 15765 15928 535
span 17145489284849769515 9 15801 15831 536
span 7592759093904644822 9 15843 15928 537
span 5903938966217786938 9 15898 15928 538
span 4579920327761900860 9 15935 16098 539
span 12294927071598647099 9 15971 16001 540
span 10591821032889849265 9 16013 16098 541
span 364405303520572731 9 16068 16098 542
span 14331927431083616365 9 16105 16268 543
span 12829536335254721892 9 16141 16171 544
span 11730568501393733909 9 16183 16268 545
span 10743228056418621064 9 16238 16268 546
span 2524717909730089607 9 16275 16438 547
span 155360109574040032 9 16311 16341 548
span 6172548437996725981 9 16353 16438 549
span 14624898147845186407 9 16408 16438 550
span 9514793190566039542 9 16445 16615 551
span 13870569428752408502 9 16494 16524 552
span 4132208355979403387 9 16536 16615 553
span 2530077108784909972 9 16585 16615 554
span 3935956356158134164 9 16660 16690 557
span 18138131199438203343 9 16701 16733 558
span 7311424747049722732 9 16744 16776 559
span 5543472929139877425 9 16787 16819 560
span 13505304476306776494 10 987 987 30
span 6294423019782828853 10 1018 1018 31
span 16532574106601220077 10 1049 1049 32
span 4889681762019910739 10 1079 1079 33
span 6489026373525347730 10 1109 1109 34
span 4533247625719516472 10 1141 1141 35
span 15763882420270235766 10 1175 1175 36
span 14654996945508785849 10 1213 1213 37
span 15015235990010927460 10 1247 1247 38
span 13261418635280576319 10 1279 1279 39
span 504980375691781739 10 1310 1310 40
span 5940046608682543242 10 591 591 18
span 14526551005225976227 10 703 703 21
span 4874076207959476987 10 553 553 17
span 1508796623156992618 10 742 742 22
span 849257269071204252 10 783 783 23
span 4045535800356892596 10 629 629 19
span 1795243019909611448 10 666 666 20
span 15215977055634143569 10 828 828 24
span 9194347174158151177 10 869 869 25
span 6080416701355317667 10 946 946 27
span 17312426092776453222 10 908 908 26
span 15924549032172131112 10 1368 2504 42
span 6018539468216495015 10 1424 1450 44
span 9733330670853699293 10 1521 1548 47
span 6515101761553320221 10 1391 1417 43
span 10873039764697113314 10 1555 1584 48
span 6612957715427406987 10 1591 1624 49
span 8957051926268282310 10 1457 1482 45
span 11049913601119630584 10 1489 1514 46
span 1522152845283816778 10 1631 1660 50
span 16978290178767369533 10 1667 1694 51
span 16669919960450808907 10 1734 1763 53
span 8141591840770950011 10 1701 1727 52
span 4639990350189759784 10 1793 1846 56
span 11827631795912608226 10 1853 1906 57
span 1905171333323003999 10 1913 1964 58
span 2351987405402639534 10 1971 2028 59
span 7761493240227078896 10 2035 2090 60
span 12714281267818192460 10 2097 2162 61
span 4526185673615241972 10 2169 2236 62
span 10026716580744109692 10 2243 2302 63
span 9462468010588323034 10 2309 2370 64
span 16469749744811036353 10 2377 2430 65
span 10122890966015873136 10 2437 2496 66
span 4870614849022458814 10 2541 2582 69
span 1175372562293761627 10 2593 2634 70
span 13607516144797528515 10 2645 2684 71
span 17692762555412567160 10 2695 2734 72
span 5813644928978768074 10 2745 2788 73
span 17099725030360340735 10 2799 2846 74
span 5508551998336032485 10 2857 2912 75
span 17634741264691673389 10 2923 2970 76
span 12561216260674472047 10 2981 3024 77
span 8297212436891007258 10 3035 3076 78
span 15396982951639561486 10 3087 3134 79
span 7865718058998146264 11 547 547 20
span 2305273261217273234 11 575 575 21
span 1909278631717594613 11 607 607 22
span 9421651801221725570 11 632 632 23
span 7838685835393516670 11 656 656 24
span 12362148299355103850 11 686 686 25
span 10789981356612621261 11 340 340 12
span 776253408362231269 11 477 477 16
span 16097672298358816807 11 514 514 17
span 16501006426678383251 11 375 375 13
span 17425023828320811582 11 414 414 14
span 8486915750996271603 11 446 446 15
span 17107377528375834911 11 735 1291 27
span 8547180130269989258 11 758 781 28
span 14946091069338743045 11 874 899 32
span 2615689542736978415 11 906 926 33
span 4405772381857391418 11 788 815 29
span 15824435643370873114 11 822 842 30
span 6323445762275803987 11 849 867 31
span 11042418490663353761 11 956 1008 36
span 1419549078268140512 11 1015 1075 37
span 15869522030916234560 11 1082 1128 38
span 17704294910268915433 11 1135 1172 39
span 15830344316339594203 11 1179 1235 40
span 9400027399767484975 11 1242 1283 41
span 17796718656479301609 11 1328 1361 44
span 12514472296195015509 11 1372 1413 45
span 17800653217649636727 11 1424 1451 46
span 5906741243044671279 11 1462 1487 47
span 14623845171157660769 11 1498 1535 48
span 10705662384256489651 11 1546 1575 49
span 5283744152528090521 12 535 535 20
span 202328551006690271 12 556 556 21
span 105166663215305006 12 586 586 22
span 16149915685168909701 12 612 612 23
span 11174523640214974236 12 640 640 24
span 166907775036745124 12 668 668 25
span 16397187551899332839 12 362 362 13
span 14089171289991081462 12 502 502 17
span 3584258628766182853 12 334 334 12
span 4116936340112116396 12 432 432 15
span 8742260093772435012 12 467 467 16
span 14281413322611163599 12 399 399 14
span 17644106766877151789 12 717 1263 27
span 9487893883715678605 12 763 788 29
span 14268815068576142890 12 883 903 33
span 11990465719587254820 12 740 756 28
span 17724570564355099557 12 823 846 31
span 1201683336331065026 12 853 876 32
span 10007614492218643894 12 795 816 30
span 17777639883895360334 12 933 971 36
span 10222874024151467256 12 978 1034 37
span 6517142318632750604 12 1041 1089 38
span 875293140779303112 12 1096 1148 39
span 10631700559002533143 12 1155 1207 40
span 4201843058040989596 12 1214 1255 41
span 13386898017089815938 12 1300 1319 44
span 17694651099910597667 12 1330 1367 45
span 7315641544378182003 12 1378 1407 46
span 15111832755877967508 12 1418 1451 47
span 8322378761701098824 12 1462 1495 48
span 5475824933190932404 12 1506 1535 49
span 14455709962454310741 13 371 371 14
span 2339312421194064288 13 403 403 15
span 16253513755870257076 13 434 434 16
span 11690229871221750265 13 253 253 9
span 1861122390161827208 13 330 330 11
span 4797700215012457327 13 292 292 10
span 13194088322847629036 13 492 836 18
span 778867260630206197 13 515 542 19
span 703298180113759879 13 582 611 21
span 4208342079882143062 13 549 575 20
span 12613524787232948077 13 641 702 24
span 16145355510982280154 13 709 762 25
span 5850963310331691068 13 769 828 26
span 3492155440714471706 13 873 916 29
span 1164326512461438145 13 927 968 30
span 16558899552313312130 13 979 1026 31
span 16396128193730483772 14 137 1815 7
span 8940961263947974812 14 113 113 4
span 15504253050974136504 15 603 603 21
span 5470170187076379121 15 674 674 22
span 7978419083425383566 15 545 545 17
span 12157043508694902688 15 514 514 16
span 4798100161892288835 15 577 577 18
span 17939981073133631402 15 483 483 15
span 10954813437747939319 15 425 425 13
span 801595574415126415 15 456 456 14
span 11675549522839397990 15 1073 1073 29
span 9006114434011580218 15 1123 1156 30
span 2624923080425102213 15 1167 1192 31
span 1614217322952526808 15 1203 1232 32
span 5849434802858083960 15 1243 1283 33
span 18072319168046734828 15 1294 1328 34
span 8008043586512221444 15 1339 1372 35
span 8011899253914965961 16 341 341 15
span 17786549690942397604 16 294 294 11
span 5871384062885372020 16 321 321 12
span 6725554475676691097 16 671 926 20
span 1367671379775204051 16 937 981 26
