hhds_srcmap 1
file 0 ../hagent/dino/build/build_dualissue_d/DualIssueIssueUnit.sv
filehash 0 12994607352638645154
filelines 0 74 0 38 39 112 131 150 186 208 233 255 284 285 374 403 432 488 520 555 587 626 653 676 699 722 747 774 805 836 867 870 871 917 974 1031 1087 1145 1203 1261 1319 1391 1465 1521 1554 1580 1657 1714 1793 1854 1937 2024 2055 2128 2200 2275 2344 2435 2510 2530 2564 2629 2664 2723 2748 2766 2776 2805 2835 2856 2947 3023 3111 3174 3184 3185
file 1 ../hagent/dino/build/build_dualissue_d/PipelinedDualIssueCPU.sv
filehash 1 10126870695996021854
filelines 1 656 0 38 68 91 114 147 178 208 245 276 309 340 370 405 438 472 506 536 569 572 573 607 641 697 756 812 871 917 964 1013 1059 1106 1155 1212 1268 1327 1384 1440 1499 1546 1597 1641 1684 1733 1778 1825 1876 1920 1963 2012 2067 2122 2176 2230 2286 2344 2406 2464 2520 2575 2633 2688 2743 2797 2851 2907 2965 3027 3085 3141 3196 3254 3293 3341 3385 3431 3477 3521 3560 3608 3652 3698 3744 3788 3836 3875 3919 3967 4006 4050 4088 4122 4160 4198 4237 4275 4320 4365 4410 4455 4491 4526 4562 4598 4644 4690 4730 4770 4809 4848 4886 4924 4964 5006 5052 5091 5130 5172 5214 5253 5292 5330 5368 5408 5450 5496 5535 5574 5616 5658 5703 5748 5793 5838 5874 5914 5954 5995 6013 6100 6187 6212 6232 6274 6288 6340 6354 6407 6421 6474 6488 6528 6542 6582 6596 6623 6637 6664 6679 6706 6718 6739 6766 6786 6828 6842 6896 6910 6965 6979 7034 7048 7090 7104 7146 7160 7189 7203 7232 7247 7276 7288 7309 7336 7356 7398 7412 7466 7480 7509 7523 7578 7592 7647 7661 7703 7717 7759 7773 7802 7817 7846 7858 7879 7906 7926 7968 7982 8036 8050 8079 8093 8148 8162 8217 8231 8273 8287 8329 8343 8372 8387 8416 8428 8449 8479 8524 8563 8604 8634 8679 8718 8759 8791 8806 8825 8862 8874 8912 8953 8995 9034 9042 9051 9085 9112 9145 9174 9203 9229 9272 9316 9364 9412 9460 9465 9501 9534 9601 9668 9735 9781 9799 9851 9906 9973 10040 10107 10153 10171 10223 10278 10335 10392 10449 10505 10510 10536 10598 10646 10694 10741 10788 10837 10888 10943 10991 11039 11090 11140 11145 11171 11233 11281 11329 11376 11423 11472 11523 11578 11626 11674 11725 11775 11780 11816 11867 11914 11919 11955 12006 12053 12058 12090 12151 12212 12273 12334 12398 12449 12454 12486 12547 12608 12669 12730 12794 12845 12850 12868 12920 12935 13021 13036 13090 13113 13171 13215 13294 13335 13340 13358 13410 13425 13513 13528 13582 13605 13663 13707 13786 13827 13832 13862 13877 13913 13965 14019 14036 14072 14126 14182 14260 14340 14355 14391 14442 14495 14506 14596 14608 14644 14684 14726 14778 14822 14864 14869 14908 14974 15040 15106 15172 15238 15308 15374 15444 15510 15580 15646 15716 15772 15828 15884 15939 15944 15975 16045 16115 16185 16255 16334 16403 16461 16540 16609 16667 16720 16769 16822 16875 16929 16981 16986 17011 17045 17079 17132 17163 17196 17247 17299 17360 17412 17468 17473 17498 17532 17566 17619 17658 17712 17763 17815 17876 17928 17984 17989 18016 18050 18084 18136 18192 18245 18303 18361 18418 18469 18521 18582 18639 18698 18757 18813 18818 18845 18879 18913 18965 19021 19074 19132 19190 19247 19298 19350 19411 19468 19527 19586 19642 19647 19679 19722 19765 19826 19887 19947 20007 20069 20133 20201 20265 20326 20387 20451 20511 20588 20665 20741 20817 20895 20975 21059 21139 21217 21294 21373 21378 21410 21453 21496 21557 21618 21678 21738 21800 21864 21932 21996 22057 22118 22182 22242 22319 22396 22472 22548 22626 22706 22790 22870 22948 23025 23104 23109 23137 23173 23209 23230 23284 23324 23358 23400 23490 23572 23635 23694 23748 23810 23876 23935 23993 24057 24099 24104 24132 24168 24204 24225 24279 24319 24353 24395 24485 24566 24629 24688 24742 24804 24870 24929 24987 25051 25110 25115 25148 25187 25226 25300 25373 25449 25506 25581 25655 25731 25736 25769 25808 25847 25921 25994 26070 26127 26202 26276 26352 26357 26386 26420 26454 26499 26559 26621 26680 26740 26801 26806 26835 26869 26903 26948 27008 27070 27129 27189 27250 27255 27289 27328 27367 27441 27518 27592 27668 27673 27707 27746 27785 27859 27936 28010 28086 28091 28122 28153 28180 28214 28254 28295 28320 28354 28407 28461 28490 28524 28568 28613 28640 28674 28730 28787 28815 28849 28902 28956 28984 29018 29067 29117 29141 29175 29224 29274 29284 29285
file 2 ../hagent/dino/build/build_dualissue_d/DualIssueRegisterFile.sv
filehash 2 15487902702467785997
filelines 2 563 0 38 68 91 126 161 196 232 262 297 332 367 403 433 469 505 541 576 579 580 602 624 646 668 690 712 734 756 778 800 823 846 869 892 915 938 961 984 1007 1030 1053 1076 1099 1122 1145 1168 1191 1214 1237 1260 1283 1306 1331 1351 1381 1397 1425 1441 1469 1485 1513 1529 1557 1573 1601 1617 1645 1661 1689 1705 1733 1749 1777 1793 1821 1837 1866 1882 1911 1927 1956 1972 2001 2017 2046 2062 2091 2107 2136 2152 2181 2197 2226 2242 2271 2287 2316 2332 2361 2377 2406 2422 2451 2467 2496 2512 2541 2557 2586 2602 2631 2647 2676 2692 2721 2737 2766 2781 2810 2822 2843 2870 2890 2920 2936 2966 2982 3012 3028 3058 3074 3104 3120 3150 3166 3196 3212 3242 3258 3288 3304 3334 3350 3380 3396 3427 3443 3474 3490 3521 3537 3568 3584 3615 3631 3662 3678 3709 3725 3756 3772 3803 3819 3850 3866 3897 3913 3944 3960 3991 4007 4038 4054 4085 4101 4132 4148 4179 4195 4226 4242 4273 4289 4320 4336 4367 4382 4413 4425 4446 4473 4493 4523 4539 4569 4585 4615 4631 4661 4677 4707 4723 4753 4769 4799 4815 4845 4861 4891 4907 4937 4953 4983 4999 5030 5046 5077 5093 5124 5140 5171 5187 5218 5234 5265 5281 5312 5328 5359 5375 5406 5422 5453 5469 5500 5516 5547 5563 5594 5610 5641 5657 5688 5704 5735 5751 5782 5798 5829 5845 5876 5892 5923 5939 5970 5985 6016 6028 6049 6076 6096 6126 6142 6172 6188 6218 6234 6264 6280 6310 6326 6356 6372 6402 6418 6448 6464 6494 6510 6540 6556 6586 6602 6633 6649 6680 6696 6727 6743 6774 6790 6821 6837 6868 6884 6915 6931 6962 6978 7009 7025 7056 7072 7103 7119 7150 7166 7197 7213 7244 7260 7291 7307 7338 7354 7385 7401 7432 7448 7479 7495 7526 7542 7573 7588 7619 7631 7652 7700 7750 7800 7850 7900 7950 8000 8050 8100 8150 8200 8251 8302 8353 8404 8455 8507 8559 8611 8663 8715 8767 8819 8871 8923 8975 9027 9079 9131 9183 9235 9267 9351 9367 9405 9423 9461 9479 9517 9535 9573 9591 9629 9647 9685 9703 9741 9759 9797 9815 9853 9871 9909 9927 9966 9985 10024 10043 10082 10101 10140 10159 10198 10217 10256 10275 10314 10333 10372 10391 10430 10449 10488 10507 10546 10565 10604 10623 10662 10681 10720 10739 10778 10797 10836 10855 10894 10913 10952 10971 11010 11029 11068 11087 11126 11156 11195 11203 11218 11249 11287 11344 11382 11415 11453 11510 11548 11581 11619 11676 11714 11747 11785 11842 11880 11913 11951 12008 12046 12079 12117 12174 12212 12245 12283 12340 12378 12411 12449 12506 12544 12577 12615 12672 12710 12743 12781 12838 12876 12909 12948 13005 13044 13078 13117 13174 13213 13247 13286 13343 13382 13416 13455 13512 13551 13585 13624 13681 13720 13754 13793 13850 13889 13923 13962 14020 14059 14093 14132 14190 14229 14263 14302 14360 14399 14433 14472 14530 14569 14603 14642 14700 14739 14773 14812 14870 14909 14943 14982 15040 15079 15113 15152 15210 15249 15283 15322 15380 15419 15453 15492 15550 15589 15623 15662 15720 15759 15793 15832 15890 15929 15963 16002 16060 16099 16133 16172 16230 16269 16303 16342 16400 16439 16486 16525 16577 16616 16624 16651 16692 16735 16778 16821 16831 16832
file 3 ../hagent/dino/build/build_dualissue_d/StageReg.sv
filehash 3 7613505582722196380
filelines 3 41 0 38 55 78 101 136 162 193 219 245 282 310 342 345 346 376 397 423 455 476 508 531 558 566 581 607 641 666 676 707 753 781 791 866 874 901 949 979 1019 1029 1030
file 4 ../hagent/dino/build/build_dualissue_d/StageReg_2.sv
filehash 4 4715428410420907783
filelines 4 52 0 38 57 80 103 129 164 195 228 261 292 318 346 383 416 451 486 518 521 522 543 573 599 627 655 681 713 734 757 789 817 847 877 904 912 927 972 1035 1090 1149 1208 1256 1264 1291 1321 1369 1409 1453 1497 1537 1547 1548
file 5 ../hagent/dino/build/build_dualissue_d/StageReg_4.sv
filehash 5 10903737927099339764
filelines 5 82 0 38 57 79 101 137 173 208 243 280 319 362 401 438 474 513 538 576 614 651 688 727 768 813 854 893 931 971 974 975 1006 1037 1067 1097 1129 1163 1201 1235 1267 1298 1332 1364 1385 1418 1451 1483 1515 1549 1585 1625 1661 1695 1728 1764 1772 1787 1847 1907 1965 2029 2091 2163 2237 2303 2371 2431 2497 2505 2532 2584 2636 2686 2736 2790 2848 2914 2972 3026 3078 3136 3146 3147
file 6 ../hagent/dino/build/build_dualissue_d/StageReg_10.sv
filehash 6 10760325324011746842
filelines 6 33 0 38 58 81 104 136 169 204 238 273 309 312 313 340 368 398 430 451 480 510 542 550 565 603 643 687 695 722 764 808 856 866 867
file 7 ../hagent/dino/build/build_dualissue_d/StageReg_12.sv
filehash 7 16423035376094910154
filelines 7 27 0 38 58 74 90 120 153 185 219 222 223 248 276 308 329 362 398 406 421 469 523 531 558 610 668 678 679
file 8 ../hagent/dino/build/build_dualissue_d/StageReg_6.sv
filehash 8 16567117960759830396
filelines 8 52 0 38 57 80 103 136 173 203 232 267 298 324 359 398 430 461 498 530 533 534 562 594 619 643 673 699 731 752 782 816 843 868 900 927 935 950 1009 1076 1129 1173 1236 1284 1292 1319 1363 1415 1453 1489 1537 1577 1587 1588
file 9 ../hagent/dino/build/build_dualissue_d/ImmediateGenerator.sv
filehash 9 14456789649578091524
filelines 9 41 0 38 65 97 124 127 128 150 183 248 285 354 395 438 478 515 555 578 623 693 742 793 837 885 932 963 1015 1093 1150 1209 1265 1320 1381 1467 1532 1622 1691 1766 1817 1827 1828
file 10 ../hagent/dino/build/build_dualissue_d/Control.sv
filehash 10 13677507085435241787
filelines 10 64 0 38 54 80 105 130 154 178 204 232 264 289 314 342 369 372 373 415 457 500 542 585 628 671 714 757 800 844 889 905 995 1040 1087 1149 1195 1273 1346 1365 1441 1496 1515 1532 1545 1560 1577 1665 1728 1751 1831 1867 1880 1931 1958 2036 2115 2161 2184 2243 2328 2354 2377 2457 2467 2468
file 11 ../hagent/dino/build/build_dualissue_d/ALUControl.sv
filehash 11 16228690043011431351
filelines 11 41 0 38 57 82 107 133 159 187 215 218 219 242 262 284 298 318 357 391 455 469 510 524 550 564 590 604 630 644 664 697 731 800 814 840 855 881 893 914 967 977 978
file 12 ../hagent/dino/build/build_dualissue_d/DualIssueForwardingUnit.sv
filehash 12 8447482172088386048
filelines 12 61 0 38 70 102 134 166 198 230 262 294 326 357 388 419 450 484 518 552 585 588 589 618 696 709 791 808 892 913 1001 1026 1052 1081 1159 1172 1254 1271 1355 1376 1464 1489 1515 1544 1622 1635 1717 1734 1818 1839 1929 1953 1982 2060 2073 2155 2172 2256 2277 2367 2391 2401 2402
file 13 ../hagent/dino/build/build_dualissue_d/DualIssueHazardUnit.sv
filehash 13 1112362384406818862
filelines 13 38 0 38 66 98 130 162 194 232 265 302 340 373 410 441 468 499 530 562 592 595 596 667 681 707 788 872 900 981 1066 1114 1158 1194 1234 1285 1330 1374 1384 1385
file 14 ../hagent/dino/build/build_dualissue_d/ALU.sv
filehash 14 5600396198440927061
filelines 14 70 0 38 50 80 107 134 160 163 164 190 261 329 416 484 551 628 648 678 693 736 751 803 818 838 864 923 966 981 1001 1027 1086 1148 1163 1183 1209 1268 1305 1320 1363 1378 1421 1436 1456 1482 1539 1576 1591 1611 1637 1702 1739 1754 1824 1839 1885 1900 1971 1986 2039 2054 2107 2122 2175 2190 2217 2229 2250 2282 2292 2293
file 15 ../hagent/dino/build/build_dualissue_d/DualIssueNextPC.sv
filehash 15 17224066414897242152
filelines 15 29 0 38 62 89 118 145 172 199 222 246 278 305 330 333 334 348 415 506 593 662 683 697 778 801 868 928 983 993 994
span 18205893541016113648 0 2844 2945 67
span 416476448153991055 0 2956 3021 69
span 4776326198761374911 0 3032 3109 70
span 2711843811739858572 0 3120 3172 71
span 15952680194492765662 1 9133 9133 246
span 5162160789985973661 2 1355 2821 54
span 6458713385783301947 1 9489 9489 256
span 10026033998730363626 2 594 594 20
span 1704457795016086360 2 616 616 21
span 10017851291478957732 2 638 638 22
span 15660688752029983562 2 660 660 23
span 14075341435272878629 2 682 682 24
span 6840176002107019259 2 704 704 25
span 10035474467304434624 2 726 726 26
span 12286646032340654423 2 748 748 27
span 1639079426853234862 2 770 770 28
span 2088842550754777261 2 792 792 29
span 12555970543174414325 2 814 814 30
span 6130679531274148598 2 837 837 31
span 2890408403514941579 2 860 860 32
span 10992671353431820031 2 883 883 33
span 14567400598261167833 2 906 906 34
span 12025641400227549489 2 929 929 35
span 10606961820355973180 2 952 952 36
span 11789073707077657835 2 975 975 37
span 15781915793854329563 2 998 998 38
span 10720116746416993813 2 1021 1021 39
span 3723216697462620989 2 1044 1044 40
span 9875801837184368051 2 1067 1067 41
span 4698416734139378276 2 1090 1090 42
span 17517873583653530488 2 1113 1113 43
span 145939094206655577 2 1136 1136 44
span 3170422026166881491 2 1159 1159 45
span 11452757954783599891 2 1182 1182 46
span 16990311788844779151 2 1205 1205 47
span 4438155107833025305 2 1228 1228 48
span 16781861279879940017 2 1251 1251 49
span 17424264037852063396 2 1274 1274 50
span 861485753804667854 2 1297 1297 51
span 17029900320549494216 2 9271 16623 360
span 2454402448636737857 2 11224 11381 427
span 4505863081493375011 3 359 359 15
span 4530721666931496710 3 389 389 16
span 15271545815146001108 3 410 410 17
span 6908450753137208580 1 16997 16997 414
span 17395411571197490606 3 459 873 19
span 6147244131558449703 3 797 865 33
span 5283744152528090521 4 535 535 20
span 202328551006690271 4 556 556 21
span 105166663215305006 4 586 586 22
span 16149915685168909701 4 612 612 23
span 11174523640214974236 4 640 640 24
span 166907775036745124 4 668 668 25
span 17777639883895360334 4 933 971 36
span 10222874024151467256 4 978 1034 37
span 6517142318632750604 4 1041 1089 38
span 875293140779303112 4 1096 1148 39
span 10631700559002533143 4 1155 1207 40
span 4201843058040989596 4 1214 1255 41
span 13505304476306776494 5 987 987 30
span 6294423019782828853 5 1018 1018 31
span 16532574106601220077 5 1049 1049 32
span 4889681762019910739 5 1079 1079 33
span 6489026373525347730 5 1109 1109 34
span 4533247625719516472 5 1141 1141 35
span 15763882420270235766 5 1175 1175 36
span 14654996945508785849 5 1213 1213 37
span 15015235990010927460 5 1247 1247 38
span 13261418635280576319 5 1279 1279 39
span 504980375691781739 5 1310 1310 40
span 4639990350189759784 5 1793 1846 56
span 11827631795912608226 5 1853 1906 57
span 1905171333323003999 5 1913 1964 58
span 2351987405402639534 5 1971 2028 59
span 7761493240227078896 5 2035 2090 60
span 12714281267818192460 5 2097 2162 61
span 4526185673615241972 5 2169 2236 62
span 10026716580744109692 5 2243 2302 63
span 9462468010588323034 5 2309 2370 64
span 16469749744811036353 5 2377 2430 65
span 10122890966015873136 5 2437 2496 66
span 7589517348226670440 6 326 326 13
span 1906694437837008660 6 353 353 14
span 3333599087481968244 6 381 381 15
span 3301800659554314859 7 229 229 11
span 11342388528954456953 7 254 254 12
span 7865718058998146264 8 547 547 20
span 2305273261217273234 8 575 575 21
span 1909278631717594613 8 607 607 22
span 9421651801221725570 8 632 632 23
span 11042418490663353761 8 956 1008 36
span 1419549078268140512 8 1015 1075 37
span 15869522030916234560 8 1082 1128 38
span 17704294910268915433 8 1135 1172 39
span 16396128193730483772 9 137 1815 7
span 189777897991575971 1 11801 11801 305
span 11544469914648615007 10 1204 1271 35
span 11743876514984415754 10 1282 1344 36
span 1622184249669820836 10 1355 1494 37
span 16319274977772202997 10 1505 1663 40
span 2510443898099199718 10 1674 1726 46
span 5868274691475880576 10 1737 1929 47
span 11536125660661270140 10 1940 2034 52
span 12442198460916007149 10 2045 2113 54
span 5718526837132792325 10 2124 2159 55
span 12984787961054841989 10 2170 2352 56
span 3942255493677340316 10 2363 2455 60
span 1456050493701819139 1 10520 10520 277
span 10296454227711146475 11 923 965 38
span 5553321399844324284 1 12071 12071 313
span 14309656033410065650 12 598 1050 21
span 11915392077482247062 12 1061 1513 31
span 17571447418140151976 12 1524 1951 41
span 4926380780803070170 12 1962 2389 50
span 3490632600253588720 1 14895 14895 378
span 11594046442976089630 1 15966 15966 396
span 5849434802858083960 13 1243 1283 33
span 16523160395466448719 14 652 2228 17
span 17650161079843553689 1 12856 12856 329
span 15004475903001433945 14 826 965 23
span 18326049679957199523 14 1599 1738 47
span 6725554475676691097 15 671 926 20
span 1367671379775204051 15 937 981 26
span 8015853211890013750 1 13850 13850 353
span 16251523496220670519 1 6009 6009 138
span 8820042879307112345 1 45 45 2
span 5314744094471754448 1 28304 28459 630
span 8815182241350942951 1 28622 28785 638
span 9253868620268919750 1 28796 28954 642
span 16780714500730739415 1 28965 29115 646
span 13798319012509223071 1 29126 29272 650
span 13724477086805740911 1 17484 17484 426
span 6709935162673311957 1 18002 18002 438
span 4628798627012649550 1 18831 18831 455
span 8222192763273864084 1 19660 19660 472
span 6060811466223024241 1 21391 21391 499
span 6951404293615084171 1 25128 25128 566
span 10778102623238558081 1 25749 25749 577
span 2431741812200195579 1 26371 26371 588
span 8305916314993118380 1 26820 26820 598
span 840237049982618060 1 27269 27269 608
span 14990830670903287042 1 27687 27687 616
span 16399514577846371507 1 23122 23122 526
span 2486430655857208895 1 24117 24117 546
span 15156906554466564025 1 3933 3933 87
span 4070234546326047394 1 826 826 26
span 9785961316953453989 1 1977 1977 49
span 15513018575256573395 1 3099 3099 69
span 17460524504549454931 1 11155 11155 291
span 16544213747155794308 1 8834 9084 236
span 7937419587610941457 1 8795 9084 234
span 11729304371595186855 1 6236 6717 143
span 2149927513170880069 1 7360 7857 185
