hhds_srcmap 1
file 0 dino/pyrope/ALU.prp
filehash 0 3976432345047998552
filelines 0 89 0 98 115 133 151 168 185 202 232 262 291 321 351 381 398 415 432 449 466 486 561 671 745 809 890 963 1003 1008 1046 1083 1088 1143 1170 1207 1255 1260 1834 1857 1894 1943 1948 2598 2621 2658 2707 2712 3318 3341 3378 3416 3453 3491 3528 3576 3581 4186 4209 4246 4295 4300 4911 4934 4971 4976 5057 5084 5122 5174 5212 5217 5299 5326 5364 5369 5425 5452 5490 5495 5552 5580 5618 5623 5680 5708 5719 5737 5741 5765 5767
span 3651111076133385612 0 965 5740 26
span 12217716293144240667 0 0 5766 1
span 7241859745875596071 0 488 560 20
span 16994643465582281567 0 563 670 21
span 17429125370044975629 0 673 744 22
span 4998268966100463718 0 747 808 23
span 8170194078773495929 0 811 889 24
span 9692575285255894710 0 1211 1254 34
span 15742474256804407922 0 1898 1942 39
span 330793932318265424 0 2662 2706 44
span 2351528639969439676 0 3532 3575 53
span 17759512404846356722 0 4250 4294 58
