hhds_srcmap 1
file 0 ./dino_prp/ImmediateGenerator.prp
filehash 0 5338560799435971103
filelines 0 23 0 102 142 183 225 267 309 351 393 435 477 584 1473 2362 3284 4172 5143 6033 6888 7457 7995 8018 8020
file 1 ./dino_prp/StageReg_4.prp
filehash 1 11134653093066362173
filelines 1 68 0 697 714 731 748 775 802 828 854 882 912 946 976 1004 1031 1061 1079 1105 1132 1158 1187 1220 1245 1270 1299 1326 1355 1381 1392 1397 1437 1499 1561 1621 1644 1661 1667 1672 1716 1780 1810 1833 1850 1856 1861 1903 1937 2013 2081 2104 2121 2127 2159 2227 2289 2293 2337 2383 2427 2477 2535 2577 2619 2669 2715 2765 2809 2811
file 2 ./dino_prp/StageReg.prp
filehash 2 16723292877472109532
filelines 2 28 0 216 233 259 276 297 315 339 359 374 385 408 434 451 464 489 533 559 567 573 578 655 698 702 742 774 796 798
file 3 ./dino_prp/PipelinedDualIssueCPU.prp
filehash 3 17979340170295442937
filelines 3 358 0 30 81 123 213 291 366 432 516 591 636 690 744 795 846 897 948 949 1346 1364 1409 1444 1483 1528 1563 1602 1622 1644 1666 1688 1730 1763 1805 1838 1878 1918 1931 1975 2019 2070 2112 2155 2176 2227 2269 2312 2333 2378 2432 2477 2531 2581 2631 2675 2728 2778 2828 2872 2925 2970 3024 3069 3123 3174 3212 3263 3301 3304 3307 3310 3313 3316 3319 3322 3325 3328 3331 3334 3337 3340 3343 3346 3349 3352 3355 3358 3361 3364 3367 3370 3373 3376 3379 3382 3385 3388 3391 3394 3397 3440 3483 3523 3544 3564 3611 3658 3679 3700 3721 3742 3763 3785 3806 3828 3850 3902 3975 4048 4101 4154 4158 4210 4244 4297 4350 4354 4388 4745 4828 4911 5596 6203 6810 6921 6967 7078 7124 7459 7515 7850 7906 9002 9083 9164 10108 10344 10413 10688 10757 11148 11217 11608 11677 12351 12434 12517 12606 12691 13365 13448 13531 13620 13705 14029 14120 14444 14535 14760 14825 14892 14963 15188 15253 15320 15391 15618 15703 15794 16021 16106 16126 16178 16269 16292 16334 16388 16392 16459 16486 16528 16597 16601 16657 16682 16724 16782 16786 16856 16885 16927 16999 17003 17064 17092 17134 17197 17201 17265 17294 17336 17402 17406 17477 17506 17548 17621 17625 17650 17699 17704 17750 17796 17844 17890 17938 17984 18023 18069 18108 18154 18172 18218 18236 18247 18265 18269 18318 18323 18371 18417 18467 18513 18563 18609 18650 18696 18737 18783 18803 18849 18869 18880 18900 18904 18953 18958 19006 19052 19072 19118 19168 19214 19264 19310 19351 19397 19438 19484 19504 19515 19535 19539 19588 19593 19641 19687 19707 19753 19803 19849 19899 19945 19986 20032 20073 20119 20139 20150 20170 20174 20192 20203 20214 20251 20258 20265 20272 20415 20434 20447 20490 20506 20514 20534 20568 20576 20582 20586 20716 20795 20945 21062 21195 21228 21267 21317 21363 21367 21446 21596 21713 21846 21902 21941 21981 22039 22043 22211 22320 22431 22601 22734 22877 23206 23252 23310 23361 23365 23466 23842 23909 23984 24045 24104 24150 24221 24279 24330 24334 24435 24804 24871 24946 25007 25066 25137 25200 25202
file 4 ./dino_prp/StageReg_8.prp
filehash 4 7817049667420168279
filelines 4 21 0 249 266 294 321 351 369 396 425 451 462 467 541 573 641 703 707 753 803 847 849
file 5 ./dino_prp/Control.prp
filehash 5 17549580833692210164
filelines 5 80 0 216 237 258 279 300 321 340 369 398 426 454 481 508 536 564 592 619 647 668 689 710 761 789 840 868 918 948 999 1027 1078 1107 1158 1187 1238 1267 1319 1348 1400 1429 1481 1511 1563 1614 1738 1769 1820 1873 1945 1997 2041 2130 2230 2402 2423 2439 2443 2519 2588 2657 2732 2799 2872 2892 2922 2938 2942 3138 3203 3227 3346 3377 3393 3397 3466 3487 3705 3757 3874 3876
file 6 ./dino_prp/ALU.prp
filehash 6 3976432345047998552
filelines 6 89 0 98 115 133 151 168 185 202 232 262 291 321 351 381 398 415 432 449 466 486 561 671 745 809 890 963 1003 1008 1046 1083 1088 1143 1170 1207 1255 1260 1834 1857 1894 1943 1948 2598 2621 2658 2707 2712 3318 3341 3378 3416 3453 3491 3528 3576 3581 4186 4209 4246 4295 4300 4911 4934 4971 4976 5057 5084 5122 5174 5212 5217 5299 5326 5364 5369 5425 5452 5490 5495 5552 5580 5618 5623 5680 5708 5719 5737 5741 5765 5767
file 7 ./dino_prp/ALUControl.prp
filehash 7 2432089495623656380
filelines 7 39 0 137 154 171 188 205 222 242 271 276 324 329 410 415 517 522 545 571 610 636 654 680 698 724 742 768 773 862 867 967 990 1016 1034 1045 1063 1067 1135 1159 1161
file 8 ./dino_prp/DualIssueForwardingUnit.prp
filehash 8 5651259125202624367
filelines 8 53 0 400 470 526 596 652 721 777 846 902 980 1072 1166 1260 1290 1361 1418 1489 1546 1616 1673 1743 1800 1881 1976 2072 2168 2198 2269 2326 2397 2454 2524 2581 2651 2708 2845 2941 3037 3067 3138 3195 3266 3323 3393 3450 3520 3577 3714 3810 3906 3936 3938
file 9 ./dino_prp/DualIssueNextPC.prp
filehash 9 751804293209648847
filelines 9 27 0 204 223 273 331 381 439 489 572 622 706 756 814 865 924 1058 1174 1276 1409 1525 1612 1697 1719 1772 1847 1868 1870
file 10 ./dino_prp/StageReg_6.prp
filehash 10 7233361211095308102
filelines 10 51 0 354 371 388 405 422 446 474 495 514 540 561 579 601 625 645 671 690 708 719 724 794 799 841 868 891 908 914 919 954 985 1008 1025 1031 1036 1076 1100 1146 1169 1186 1192 1221 1271 1275 1311 1351 1383 1427 1457 1485 1487
file 11 ./dino_prp/DualIssueHazardUnit.prp
filehash 11 13351310534348974039
filelines 11 23 0 403 422 453 480 549 620 691 762 833 904 975 1046 1117 1256 1316 1357 1408 1448 1484 1524 1556 1558
file 12 ./dino_prp/StageReg_10.prp
filehash 12 9203297993606745511
filelines 12 18 0 214 237 261 287 305 327 351 372 383 419 459 493 497 533 573 607 609
file 13 ./dino_prp/DualIssueIssueUnit.prp
filehash 13 1660029794748255713
filelines 13 75 0 182 203 222 253 284 315 345 375 406 436 459 490 521 543 565 592 651 682 741 772 830 861 920 952 1011 1043 1103 1135 1194 1226 1286 1345 1374 1434 1494 1527 1589 1622 1679 1737 1795 1854 1913 1971 2029 2086 2144 2202 2260 2318 2377 2436 2494 2552 2610 2684 2758 2820 3502 3624 3733 3772 3794 3827 3867 3871 3886 3912 3970 4011 4015 4041 4104 4106
file 14 ./dino_prp/StageReg_12.prp
filehash 14 12288936143647853869
filelines 14 14 0 183 210 240 258 287 313 324 374 418 422 472 516 518
file 15 ./dino_prp/StageReg_2.prp
filehash 15 3687491674727045555
filelines 15 57 0 344 361 378 395 412 429 446 472 494 518 542 563 581 605 625 640 662 684 704 715 720 783 788 828 848 871 888 894 899 935 964 987 1004 1010 1015 1053 1078 1101 1118 1124 1129 1167 1194 1217 1234 1240 1290 1317 1321 1361 1393 1415 1451 1487 1519 1521
file 16 ./dino_prp/DualIssueRegisterFile.prp
filehash 16 15549089919572060334
filelines 16 823 0 403 424 446 468 490 512 534 556 578 600 622 644 665 687 709 731 753 775 797 819 841 863 885 906 927 948 969 990 1011 1032 1053 1072 1090 1108 1126 1144 1162 1180 1198 1216 1234 1252 1270 1288 1306 1324 1342 1360 1378 1396 1414 1432 1450 1468 1486 1504 1522 1540 1558 1576 1594 1612 1630 1648 1666 1686 1708 1730 1752 1769 1786 1803 1820 1837 1854 1871 1888 1905 1922 1940 1958 1976 1994 2012 2030 2048 2066 2084 2102 2120 2138 2156 2174 2192 2210 2228 2246 2264 2282 2300 2318 2355 2360 2383 2417 2440 2474 2497 2531 2554 2588 2611 2645 2668 2702 2725 2759 2782 2816 2839 2873 2896 2931 2955 2990 3014 3049 3073 3108 3132 3167 3191 3226 3250 3285 3309 3344 3368 3403 3427 3462 3486 3521 3545 3580 3604 3639 3663 3698 3722 3757 3781 3816 3840 3875 3899 3934 3958 3993 4017 4052 4076 4111 4135 4146 4170 4174 4211 4216 4241 4275 4300 4334 4359 4393 4418 4452 4477 4511 4536 4570 4595 4629 4654 4688 4713 4747 4772 4807 4833 4868 4894 4929 4955 4990 5016 5051 5077 5112 5138 5173 5199 5234 5260 5295 5321 5356 5382 5417 5443 5478 5504 5539 5565 5600 5626 5661 5687 5722 5748 5783 5809 5844 5870 5905 5931 5966 5992 6027 6053 6064 6090 6094 6131 6136 6161 6195 6220 6254 6279 6313 6338 6372 6397 6431 6456 6490 6515 6549 6574 6608 6633 6667 6692 6727 6753 6788 6814 6849 6875 6910 6936 6971 6997 7032 7058 7093 7119 7154 7180 7215 7241 7276 7302 7337 7363 7398 7424 7459 7485 7520 7546 7581 7607 7642 7668 7703 7729 7764 7790 7825 7851 7886 7912 7947 7973 7984 8010 8014 8051 8056 8081 8115 8140 8174 8199 8233 8258 8292 8317 8351 8376 8410 8435 8469 8494 8528 8553 8587 8612 8647 8673 8708 8734 8769 8795 8830 8856 8891 8917 8952 8978 9013 9039 9074 9100 9135 9161 9196 9222 9257 9283 9318 9344 9379 9405 9440 9466 9501 9527 9562 9588 9623 9649 9684 9710 9745 9771 9806 9832 9867 9893 9904 9930 9934 9992 10012 10070 10092 10150 10172 10230 10252 10310 10332 10390 10412 10470 10492 10550 10572 10630 10652 10711 10734 10794 10817 10877 10901 10961 10985 11045 11069 11129 11153 11213 11237 11297 11321 11381 11405 11465 11489 11549 11573 11633 11657 11717 11741 11801 11825 11885 11909 11969 11993 12053 12077 12137 12161 12221 12245 12305 12329 12389 12413 12473 12497 12572 12624 12647 12681 12687 12712 12746 12752 12777 12811 12817 12842 12876 12882 12907 12941 12947 12972 13006 13012 13037 13071 13077 13102 13136 13142 13167 13201 13207 13232 13266 13272 13297 13332 13338 13364 13399 13405 13431 13466 13472 13498 13533 13539 13565 13600 13606 13632 13667 13673 13699 13734 13740 13766 13801 13807 13833 13868 13874 13900 13935 13941 13967 14002 14008 14034 14069 14075 14101 14136 14142 14168 14203 14209 14235 14270 14276 14302 14337 14343 14369 14404 14410 14436 14471 14477 14503 14538 14544 14570 14605 14611 14637 14672 14678 14711 14746 14752 14763 14803 14837 14850 14857 14916 14957 14993 15001 15007 15049 15083 15096 15103 15162 15203 15239 15247 15253 15295 15329 15342 15349 15408 15449 15485 15493 15499 15541 15575 15588 15595 15654 15695 15731 15739 15745 15787 15821 15834 15841 15900 15941 15977 15985 15991 16033 16067 16080 16087 16146 16187 16223 16231 16237 16279 16313 16326 16333 16392 16433 16469 16477 16483 16525 16559 16572 16579 16638 16679 16715 16723 16729 16771 16805 16818 16825 16884 16925 16961 16969 16975 17017 17051 17064 17071 17130 17171 17207 17215 17221 17263 17298 17311 17318 17378 17419 17456 17464 17470 17513 17548 17561 17568 17628 17669 17706 17714 17720 17763 17798 17811 17818 17878 17919 17956 17964 17970 18013 18048 18061 18068 18128 18169 18206 18214 18220 18263 18298 18311 18318 18378 18419 18456 18464 18470 18513 18548 18561 18568 18628 18669 18706 18714 18720 18763 18798 18811 18818 18878 18919 18956 18964 18970 19013 19048 19061 19068 19128 19169 19206 19214 19220 19263 19298 19311 19318 19378 19419 19456 19464 19470 19513 19548 19561 19568 19628 19669 19706 19714 19720 19763 19798 19811 19818 19878 19919 19956 19964 19970 20013 20048 20061 20068 20128 20169 20206 20214 20220 20263 20298 20311 20318 20378 20419 20456 20464 20470 20513 20548 20561 20568 20628 20669 20706 20714 20720 20763 20798 20811 20818 20878 20919 20956 20964 20970 21013 21048 21061 21068 21128 21169 21206 21214 21220 21263 21298 21311 21318 21378 21419 21456 21464 21470 21513 21548 21561 21568 21628 21669 21706 21714 21720 21763 21798 21811 21818 21878 21919 21956 21964 21970 22013 22048 22061 22068 22128 22169 22206 22214 22220 22263 22298 22311 22318 22378 22419 22456 22464 22470 22475 22533 22572 22607 22620 22627 22687 22728 22765 22773 22779 22783 22816 22851 22886 22921 22923
span 6863279423058899197 0 0 8019 1
span 16487191206642917529 0 104 141 2
span 770334697121864936 0 110 112 2
span 6819463099931313921 0 144 182 3
span 14947674609762436954 0 150 153 3
span 11346798826927662248 0 185 224 4
span 14560019400959505892 0 191 195 4
span 10618595865032839835 0 227 266 5
span 2654299050190121222 0 233 237 5
span 18143765514156580664 0 269 308 6
span 13040670007013459057 0 275 279 6
span 13676352959938056351 0 311 350 7
span 6533701748864991101 0 317 321 7
span 3393729410694745187 0 353 392 8
span 18384877633401147046 0 359 363 8
span 654399520786875644 0 395 434 9
span 17684095856435638744 0 401 405 9
span 11311956223900366618 0 437 476 10
span 14503672390615804135 0 443 447 10
span 12821808236218384729 0 479 583 11
span 2853931582202231351 0 496 583 11
span 9175803759619821521 0 483 489 11
span 15959987546783550623 0 586 1472 12
span 113484675768848475 0 603 1472 12
span 11642961817980297385 0 590 596 12
span 2138442220664972306 0 1475 2361 13
span 8126496371033040333 0 1492 2361 13
span 6964678592157035929 0 1479 1485 13
span 10406142442312765430 0 2364 3283 14
span 11856611469063177880 0 2381 3283 14
span 11216194766572500274 0 2368 2374 14
span 16237533298082945476 0 3286 4171 15
span 15926341422620051174 0 3303 4171 15
span 16100140139762344088 0 3290 3296 15
span 10092687987047680355 0 4174 5142 16
span 14955264440561317029 0 4191 5142 16
span 17903086641596735462 0 4178 4184 16
span 7290594278036190057 0 5145 6032 17
span 2179066922138542725 0 5162 6032 17
span 15271620150818133450 0 5149 5155 17
span 10736100408787745689 0 6035 6887 18
span 6523469184907762519 0 6052 6887 18
span 5439999899446818448 0 6039 6045 18
span 12397100747155030313 0 6890 7456 19
span 6890474217641646556 0 6907 7456 19
span 547293577365756618 0 6894 6900 19
span 16706753380578896623 0 7459 7994 20
span 10304871926740523018 0 7477 7994 20
span 2628597003210466561 0 7463 7470 20
span 217073163235731941 0 7997 8007 21
span 16203955798736610908 1 0 2810 1
span 6304973061044299809 1 703 709 2
span 17652398265320699777 1 720 726 3
span 2564501665726731219 1 737 743 4
span 10866016536008720810 1 754 771 5
span 8173088968317459046 1 781 798 6
span 12034066192333022220 1 808 824 7
span 6245709805920448737 1 834 850 8
span 12707080008234681181 1 860 878 9
span 15840572725469778984 1 888 908 10
span 4345746302931877352 1 918 942 11
span 13453346411533572284 1 952 972 12
span 15548045829647226004 1 982 1000 13
span 10015476965431787374 1 1010 1027 14
span 4774471505073163729 1 1037 1057 15
span 4778070758099218973 1 1063 2292 16
span 12438485216388181108 1 1083 1100 17
span 13430008593583199955 1 1109 1127 18
span 14123264200875501520 1 1136 1153 19
span 17356498647907613998 1 1162 1182 20
span 3819116600327920980 1 1191 1215 21
span 12890060335762974686 1 1224 1240 22
span 10802920883033413767 1 1249 1265 23
span 10652966291135423586 1 1274 1294 24
span 15493932141943163331 1 1303 1321 25
span 8189072144568148367 1 1330 1350 26
span 3542837577164245302 1 1359 1376 27
span 6087159787977585060 1 1401 1436 30
span 11584327596998803779 1 1441 1498 31
span 311725159414515389 1 1503 1560 32
span 9661448025640812282 1 1565 1620 33
span 12597306797594692003 1 1625 1666 34
span 11710836930106734847 1 1401 1407 30
span 3200520433201967748 1 1441 1458 31
span 578443909968778229 1 1503 1520 32
span 2991226707400834599 1 1565 1581 33
span 9742685147669079706 1 1650 1656 35
span 5627759279503619098 1 1676 1715 38
span 14557250433684898659 1 1720 1779 39
span 1813347691514701596 1 1814 1855 41
span 8193288297730808560 1 1676 1682 38
span 14149934150593477740 1 1720 1738 39
span 12436881353595596457 1 1784 1800 40
span 14493089182736287918 1 1839 1845 42
span 14262593702439795835 1 1865 1902 45
span 14285134025550437480 1 1941 2012 47
span 12128396458316146172 1 2017 2080 48
span 7278990889291023028 1 2085 2126 49
span 3267669764422017654 1 1865 1871 45
span 1638842996521260027 1 1907 1927 46
span 6760655173463663400 1 1941 1965 47
span 13623085310408202178 1 2017 2037 48
span 17949778538857098984 1 2110 2116 50
span 1304840575276152715 1 2163 2226 53
span 10190333208732790348 1 2231 2288 54
span 14497156285400880009 1 2131 2149 52
span 4328357917969105651 1 2163 2183 53
span 16068655589978211682 1 2231 2248 54
span 2722111960508001026 1 2295 2316 56
span 13785987370783431716 1 2339 2361 57
span 5216276785084864099 1 2385 2406 58
span 2603352527145502794 1 2429 2453 59
span 8128441059127565822 1 2479 2507 60
span 16344156232726105116 1 2537 2557 61
span 990874919647187957 1 2579 2599 62
span 6816937200170822099 1 2621 2645 63
span 13690597335225074007 1 2671 2693 64
span 114574590476543028 1 2717 2741 65
span 18367940207279390793 1 2767 2788 66
span 15024253856957429504 2 0 797 1
span 9481275107923549405 2 222 228 2
span 4969065004509884895 2 239 254 3
span 17174590175761442205 2 265 271 4
span 9394052151161078712 2 282 293 5
span 14558485966508099997 2 299 701 6
span 17343113441083655792 2 319 334 7
span 16455686615578279147 2 343 354 8
span 11636764902908245918 2 363 369 9
span 11553956079352605706 2 389 572 11
span 3579930923678770293 2 414 429 12
span 17523187646659927929 2 440 446 13
span 7756434393063131987 2 470 566 15
span 5839158010849892529 2 497 512 16
span 2330412673363240152 2 541 547 17
span 12499193699820250595 2 582 654 21
span 6724451942903367178 2 591 654 21
span 9004059905134464313 2 659 697 22
span 16342632255819730447 2 582 588 21
span 10306738847978320822 2 659 670 22
span 12316777739099402093 2 704 723 24
span 13624240206698971107 2 744 759 25
span 11386810322810730679 2 776 786 26
span 8330969784760042019 3 949 25201 18
span 280826414544465746 3 1352 1359 19
span 6069579415263213066 3 1370 1404 20
span 14767259756093723863 3 1415 1439 21
span 11185725536557491058 3 1450 1478 22
span 7330082192074184358 3 1489 1523 23
span 8265115758710566045 3 1534 1558 24
span 3840435770535037701 3 1569 1597 25
span 13067284557053932219 3 1608 1617 26
span 16144034563887365105 3 1628 1639 27
span 3116629075585513086 3 1650 1661 28
span 15541747766274760556 3 1672 1683 29
span 13346637310106151565 3 1694 1725 30
span 5487136681876651839 3 1736 1758 31
span 2490273079972493021 3 1769 1800 32
span 2501846097090993297 3 1811 1833 33
span 1280036424627611169 3 1845 1873 34
span 17227001456078981707 3 1885 1913 35
span 11929904773721706473 3 1924 1926 36
span 1656356403036854077 3 1938 1970 37
span 17984356746590355309 3 1982 2014 38
span 17314457404208290386 3 2026 2066 39
span 9713575259286044773 3 2077 2107 40
span 11276562049908582485 3 2119 2150 41
span 8871938720771683188 3 2161 2167 42
span 13348451686478369953 3 2183 2223 43
span 6187130892676882161 3 2234 2264 44
span 10177239375356647 3 2276 2307 45
span 8969208329343534496 3 2318 2324 46
span 12169895251238071403 3 2340 2373 47
span 16224583711225980713 3 2385 2428 48
span 5393774501320249281 3 2439 2472 49
span 4205206577764022480 3 2484 2527 50
span 4929372434903638964 3 2538 2577 51
span 15468954895444723981 3 2588 2627 52
span 7543641259377337499 3 2638 2670 53
span 11850095736928205862 3 2682 2724 54
span 11056530338461010837 3 2735 2774 55
span 10154636747861559470 3 2785 2824 56
span 2399768071255933578 3 2835 2867 57
span 8418537997746869641 3 2879 2921 58
span 16092270633184880582 3 2932 2965 59
span 3744397834072549453 3 2977 3020 60
span 15172740802775186001 3 3031 3064 61
span 7182769795884815152 3 3076 3119 62
span 13872630568283827112 3 3130 3170 63
span 13523908861678763974 3 3181 3208 64
span 7968773928187566021 3 3219 3259 65
span 17698519447952070312 3 3270 3297 66
span 11788925511823621465 3 3404 3435 99
span 16637779581384979558 3 3447 3478 100
span 13766665528030514491 3 3490 3519 101
span 17106496682530806890 3 3529 3535 102
span 17603594843296730750 3 3550 3556 103
span 1408712556834154244 3 3571 3606 104
span 2929493427384308747 3 3618 3653 105
span 16126145425772898028 3 3664 3670 106
span 7713836977791586153 3 3685 3692 107
span 8309621033664137718 3 3706 3713 108
span 9142071379119640973 3 3727 3734 109
span 5488260370020307724 3 3748 3755 110
span 12295931888236680808 3 3769 3776 111
span 12707130421658050870 3 3791 3798 112
span 6058559001453234051 3 3812 3819 113
span 1984848605734087258 3 3834 3841 114
span 12619575303341384319 3 3852 3901 115
span 9843922814243321701 3 3852 3858 115
span 8503095744230765602 3 3904 3974 116
span 6333720138838847076 3 3904 3935 116
span 13443930144859504705 3 3977 4047 117
span 13964746281162975352 3 3977 4008 117
span 8650403846998843851 3 4050 4157 118
span 18078662548625631847 3 4105 4153 119
span 4879094449367471862 3 4105 4111 119
span 17169686760775118968 3 4160 4209 121
span 8350793593405122565 3 4160 4166 121
span 8419277808416697766 3 4212 4234 122
span 16819772612837490176 3 4246 4353 123
span 17610287048762250711 3 4301 4349 124
span 8759746490241698536 3 4301 4307 124
span 18444690342553787636 3 4356 4378 126
span 14077268630033275866 3 4635 4744 127
span 16779887262670051010 3 4390 4744 127
span 10766997571520202500 3 4395 4415 127
span 958545173172098270 3 4448 4472 127
span 12978741002159882298 3 4509 4533 127
span 6087870341223100237 3 4570 4595 127
span 9552375081729974314 3 4747 4827 128
span 10287063249537815932 3 4760 4827 128
span 9350624629225834291 3 4751 4757 128
span 2420514931230937118 3 4830 4910 129
span 13940221846840627691 3 4843 4910 129
span 5324894300386751865 3 4834 4840 129
span 2539072166111949720 3 4913 5595 130
span 1268495266641905367 3 4929 5595 130
span 14749313863255462566 3 4917 4926 130
span 17109567648532118336 3 5598 6202 131
span 11704800979529005323 3 6119 6202 131
span 1711182932170964681 3 5603 5626 131
span 5293840081683673873 3 5647 5670 131
span 10787963638955353392 3 5691 5713 131
span 2132298871094843784 3 5733 5755 131
span 6527974212048394078 3 5775 5799 131
span 10731422883948424759 3 5821 5847 131
span 3478698254237284094 3 5871 5901 131
span 12181250206569826067 3 5929 5952 131
span 13627263721754201111 3 5973 5996 131
span 10175770226196765626 3 6017 6043 131
span 12930529491721825530 3 6067 6093 131
span 9123723317263169867 3 6205 6809 132
span 8578528724652617612 3 6726 6809 132
span 7255797338535872968 3 6210 6233 132
span 17910007421247487787 3 6254 6277 132
span 14101435659133539234 3 6298 6320 132
span 7366008176024932202 3 6340 6362 132
span 16491964945581174544 3 6382 6406 132
span 8453103295070793830 3 6428 6454 132
span 16273219668144899543 3 6478 6508 132
span 14571398604331993519 3 6536 6559 132
span 14673959784228860131 3 6580 6603 132
span 11809410381933749813 3 6624 6650 132
span 5997153735996196769 3 6674 6700 132
span 15706015621728558496 3 6831 6920 133
span 17861772190762738851 3 6816 6828 133
span 8779633146151820159 3 6923 6951 134
span 2854290318513503883 3 6988 7077 135
span 14678347739144267673 3 6973 6985 135
span 1797430131133602979 3 7080 7108 136
span 7737438913033061587 3 7126 7458 137
span 8919065196261499330 3 7149 7458 137
span 3474359291057024858 3 7130 7146 137
span 827638081530026392 3 7461 7495 138
span 3626673761221816979 3 7517 7849 139
span 17703318838802980687 3 7540 7849 139
span 7382818956916820923 3 7521 7537 139
span 6674372182471451116 3 7852 7886 140
span 522352133305537851 3 7908 9001 141
span 18191747409327077558 3 8215 9001 141
span 9365528916093123920 3 7913 7942 141
span 1142129885264892295 3 7988 8017 141
span 15905910718705899622 3 8063 8092 141
span 1097592681170567363 3 8138 8167 141
span 931138643810309996 3 9004 9082 142
span 11231181105253610468 3 9017 9082 142
span 17791084802161286521 3 9008 9014 142
span 12311636025622090477 3 9085 9163 143
span 11910781646760163820 3 9098 9163 143
span 6738471717893912757 3 9089 9095 143
span 11345146612600744320 3 9166 10107 144
span 17348421918254192568 3 9533 10107 144
span 7304529132150448481 3 9171 9193 144
span 11874774531038964194 3 9232 9250 144
span 17678966948092025155 3 9285 9307 144
span 14611331678004355697 3 9346 9368 144
span 5017386692438351231 3 9407 9430 144
span 12587710330076973063 3 9470 9492 144
span 8115445916882099666 3 10110 10343 145
span 11288749960349850433 3 10128 10343 145
span 15620802907404769307 3 10114 10125 145
span 5291418281194754693 3 10346 10412 146
span 14938069761124758465 3 10415 10687 147
span 16303589920574842073 3 10346 10378 146
span 9854182335376274406 3 10433 10687 147
span 1224504386236168996 3 10419 10430 147
span 15972982902763149796 3 10690 10756 148
span 7025011377722556173 3 10690 10722 148
span 3526387558842372771 3 10759 11147 149
span 15113631533201518412 3 10777 11147 149
span 5050098574986154879 3 10763 10774 149
span 7694866708696474699 3 11150 11216 150
span 7831893943886293632 3 11150 11182 150
span 1796444389563797600 3 11219 11607 151
span 7825606333958425597 3 11237 11607 151
span 127075879567360175 3 11223 11234 151
span 489107178784228348 3 11610 11676 152
span 6365783557677974093 3 11610 11642 152
span 18018628022944102699 3 11702 12350 153
span 6303886515644099015 3 11683 11699 153
span 9881355343898143462 3 12353 12433 154
span 12669655048822616564 3 12353 12392 154
span 11738416461017959132 3 12436 12516 155
span 1015176907760689911 3 12436 12475 155
span 5566480498994091978 3 12519 12605 156
span 2643996729677620755 3 12519 12561 156
span 15274682102491981217 3 12608 12690 157
span 17054851258448405117 3 12608 12648 157
span 13721270427810560585 3 12716 13364 158
span 7209010126399134455 3 12697 12713 158
span 17554560759707250996 3 13367 13447 159
span 5271059788041218263 3 13367 13406 159
span 13246662355712116005 3 13450 13530 160
span 18057938902455174083 3 13450 13489 160
span 1503225173605015917 3 13533 13619 161
span 15704255222434241643 3 13533 13575 161
span 16154561978032394281 3 13622 13704 162
span 14080403448950787077 3 13622 13662 162
span 15777778355231617704 3 13707 14028 163
span 12297376206798084298 3 13731 14028 163
span 6003390856512889039 3 13711 13728 163
span 15301979229449317533 3 14031 14119 164
span 9987185160440117038 3 14031 14074 164
span 18343052567901333189 3 14122 14443 165
span 5082556793488958567 3 14146 14443 165
span 8241389677691102109 3 14126 14143 165
span 13855968988296361990 3 14446 14534 166
span 11777792701006267502 3 14446 14489 166
span 1552079042979189467 3 14556 14759 167
span 3877704902542355597 3 14541 14553 167
span 4906498686952510293 3 14762 14824 168
span 9943590088830746767 3 14762 14792 168
span 17499636432917960803 3 14827 14891 169
span 12497161347475438191 3 14827 14858 169
span 10273708337890640793 3 14894 14962 170
span 14964983572980899208 3 14894 14927 170
span 702939034102655093 3 14984 15187 171
span 15399512661082630025 3 14969 14981 171
span 14850297328815358783 3 15190 15252 172
span 15979688744626744308 3 15190 15220 172
span 6890812732615437190 3 15255 15319 173
span 5260321674871170757 3 15255 15286 173
span 16843647364164410918 3 15322 15390 174
span 13492764376267409444 3 15322 15355 174
span 3471977636121221819 3 15393 15617 175
span 8513442204670986389 3 15417 15617 175
span 3658049989588320627 3 15397 15414 175
span 14105984074699936380 3 15620 15702 176
span 557294568228812700 3 15620 15660 176
span 17830884270637741391 3 15705 15793 177
span 8827929267124303551 3 15705 15748 177
span 5580095830516219631 3 15796 16020 178
span 12356363086405453658 3 15820 16020 178
span 11863133640869136062 3 15800 15817 178
span 16608640033028203283 3 16023 16105 179
span 1282079381756150587 3 16108 16121 180
span 1285239613051695103 3 16128 16177 181
span 15124936415188466154 3 16128 16134 181
span 14174257942443140044 3 16023 16063 179
span 5605201128307225748 3 16180 16268 182
span 13803875865330049137 3 16294 16391 184
span 9038778456436273637 3 16180 16223 182
span 309707503519946641 3 16271 16286 183
span 671733688189028435 3 16338 16387 185
span 8191641373670513709 3 16338 16344 185
span 18406735918069321496 3 16394 16458 187
span 793148179090488387 3 16394 16400 187
span 12458632200860876657 3 16488 16600 189
span 15828954861201089271 3 16461 16476 188
span 17907957878571761411 3 16532 16596 190
span 15367624740723272544 3 16532 16538 190
span 2573169039414402852 3 16603 16656 192
span 12381585020797269610 3 16603 16609 192
span 247653153538936270 3 16684 16785 194
span 17339933928730039983 3 16659 16672 193
span 12883638968879899779 3 16728 16781 195
span 232999590614720816 3 16728 16734 195
span 17254643557421470921 3 16788 16855 197
span 9448063617546972052 3 16788 16795 197
span 12983416329673320848 3 16887 17002 199
span 11907460774679207620 3 16858 16875 198
span 8784301104845754211 3 16931 16998 200
span 14036868351036012198 3 16931 16938 200
span 11818592132982581408 3 17005 17063 202
span 13842350045421777340 3 17005 17012 202
span 17331113861303095762 3 17094 17200 204
span 3950332391804140032 3 17066 17081 203
span 6147902237058992343 3 17138 17196 205
span 2595965565978836327 3 17138 17145 205
span 6314726104148768403 3 17203 17264 207
span 4807553331443842045 3 17203 17210 207
span 15138311996744284411 3 17296 17405 209
span 10056105119331797186 3 17267 17283 208
span 4305845198008842994 3 17340 17401 210
span 17996572364769838853 3 17340 17347 210
span 18237650182713538432 3 17408 17476 212
span 6198335942568970474 3 17408 17415 212
span 2359738296171846360 3 17508 17624 214
span 9294891372906209075 3 17479 17495 213
span 16096673876680447824 3 17552 17620 215
span 6771935748252597256 3 17552 17559 215
span 2323421113256718664 3 17652 18268 218
span 14691067685291032943 3 17627 17639 217
span 10510549760003931131 3 17708 17749 220
span 12927248686131290746 3 17708 17717 220
span 12562554787974646805 3 17800 17809 222
span 45043530056838791 3 17894 17903 224
span 2389899807030658944 3 17988 17997 226
span 11266139014084752703 3 18073 18082 228
span 16622614279831473325 3 18158 18167 230
span 16472319320603142842 3 18222 18231 232
span 3032588017914514434 3 18251 18260 234
span 17818492221826464201 3 18271 18903 236
span 18135525404235192333 3 18327 18370 238
span 13271716819608078233 3 18327 18338 238
span 15358611277120655653 3 18421 18432 240
span 16391568393699197466 3 18517 18528 242
span 7625153970149587231 3 18613 18624 244
span 6463143215136555955 3 18700 18711 246
span 17061526873382051795 3 18787 18798 248
span 11658845594058763047 3 18853 18864 250
span 9205484280721382981 3 18884 18895 252
span 15730232793588525591 3 18906 19538 254
span 7373257217371834176 3 18962 19005 256
span 7032554640911082447 3 18962 18973 256
span 10082877985946907537 3 19056 19067 258
span 4925128236453016315 3 19122 19133 260
span 3594543263504371932 3 19218 19229 262
span 9564729898829180316 3 19314 19325 264
span 17506873274515175532 3 19401 19412 266
span 15873186606721695599 3 19488 19499 268
span 18080683927632808414 3 19519 19530 270
span 2809039733349950771 3 19541 20173 272
span 12543324246877527601 3 19597 19640 274
span 14467992379157187883 3 19597 19608 274
span 13320585229128001575 3 19691 19702 276
span 13855761163178854809 3 19757 19768 278
span 10272263211427044311 3 19853 19864 280
span 10379292550923061873 3 19949 19960 282
span 10287992343580552490 3 20036 20047 284
span 12150753662909773367 3 20123 20134 286
span 13676463517975413582 3 20154 20165 288
span 2581691511541102579 3 20176 20585 290
span 826990775118246837 3 20196 20198 291
span 4614895611263253048 3 20218 20581 293
span 15995735757637308574 3 20278 20414 297
span 13161377574744808235 3 20288 20414 297
span 8951679856499124103 3 20278 20285 297
span 2154551781393574388 3 20421 20423 298
span 8338408176105029271 3 20453 20489 300
span 9795672355434103388 3 20459 20463 300
span 15104652394047139329 3 20496 20513 301
span 14046900733607245412 3 20520 20575 303
span 16872971497802982506 3 20542 20544 304
span 2077769850549537727 3 20588 20715 308
span 11504419749714625517 3 20606 20715 308
span 13243678296126241437 3 20592 20599 308
span 17867339651495935935 3 20718 20794 309
span 5627592920310445398 3 20732 20794 309
span 15537060701384607818 3 20722 20729 309
span 11785179582577463677 3 20797 20944 310
span 9096888217821585366 3 20815 20944 310
span 2438138335583675060 3 20801 20808 310
span 3714109907915739402 3 20947 21061 311
span 10415279440515681249 3 20965 21061 311
span 604191081124672333 3 20951 20958 311
span 1388125406953501252 3 21080 21194 312
span 17507630965048839444 3 21068 21077 312
span 14496873354466924480 3 21197 21227 313
span 15469096670890803506 3 21197 21204 313
span 13654626218228454209 3 21230 21254 314
span 16487391526886692361 3 21269 21366 315
span 9600749635832476946 3 21321 21362 316
span 3794901349676460820 3 21321 21328 316
span 16664019999461492065 3 21369 21445 318
span 15453900269546134581 3 21383 21445 318
span 2023450677612470892 3 21373 21380 318
span 10895843241865861297 3 21448 21595 319
span 1762256956296589979 3 21466 21595 319
span 11131528608422652074 3 21452 21459 319
span 12704510340669043093 3 21598 21712 320
span 470651621956671155 3 21616 21712 320
span 9252509322923091312 3 21602 21609 320
span 2470428247406091505 3 21731 21845 321
span 9000201802657188871 3 21719 21728 321
span 4474828004627419902 3 21848 21901 322
span 12460683571950568818 3 21848 21855 322
span 8408079072617902125 3 21904 21928 323
span 12292781041314416098 3 21943 22042 324
span 4714090940412502173 3 21985 22038 325
span 4035935700860526367 3 21985 21992 325
span 9603803395371650317 3 22045 22210 327
span 17657917322120282486 3 22062 22210 327
span 15882397487464537336 3 22049 22056 327
span 17463303043192676992 3 22213 22319 328
span 16904615005209736543 3 22231 22319 328
span 13245803994785955099 3 22217 22224 328
span 478362619035279468 3 22322 22430 329
span 14482848287661706581 3 22340 22430 329
span 1607902539269297411 3 22326 22333 329
span 10478538521060467194 3 22433 22600 330
span 1904761694975941942 3 22450 22600 330
span 12080286901356712596 3 22437 22444 330
span 17462783394774073059 3 22603 22733 331
span 12466050641598762528 3 22621 22733 331
span 14680898728480883725 3 22607 22614 331
span 4234009319930734444 3 22736 22876 332
span 7473823227556667199 3 22754 22876 332
span 3780583919627124034 3 22740 22747 332
span 502870112260717536 3 22879 23205 333
span 971662143617824679 3 22984 23205 333
span 16391779479362554187 3 22884 22904 333
span 8471655034262994185 3 22934 22953 333
span 1884937277009475478 3 23208 23251 334
span 2222292578299784755 3 23208 23215 334
span 18330402076093250074 3 23254 23364 335
span 14889130879181667152 3 23314 23360 336
span 9143099276444994773 3 23314 23321 336
span 8017618616477552510 3 23367 23465 338
span 12552064356694624649 3 23385 23465 338
span 8124258753338311421 3 23371 23378 338
span 7344129164003866090 3 23468 23841 339
span 4495051167762756580 3 23487 23841 339
span 4789790166662209157 3 23472 23484 339
span 3951010381403866756 3 23844 23908 340
span 13377029422303803478 3 23844 23875 340
span 9799867760374407452 3 23911 23983 341
span 9718823362111949685 3 23911 23946 341
span 14429151231809822093 3 23986 24044 342
span 1431820245918442946 3 23986 24014 342
span 11274830867179203037 3 24047 24103 343
span 13689332205208826326 3 24106 24149 344
span 4077899970338767509 3 24106 24113 344
span 16816053938990361346 3 24047 24074 343
span 1170413059665456526 3 24152 24220 345
span 17103720274227531536 3 24152 24185 345
span 5764618241719270453 3 24223 24333 346
span 2297228646623826614 3 24283 24329 347
span 10252629399460301320 3 24283 24290 347
span 4778071358740645428 3 24336 24434 349
span 7035983260397015809 3 24354 24434 349
span 12273731360115970555 3 24340 24347 349
span 5834474219293903190 3 24437 24803 350
span 10514691773814140141 3 24456 24803 350
span 1952193537273487868 3 24441 24453 350
span 1744116648178181177 3 24806 24870 351
span 11952675769633796025 3 24806 24837 351
span 12583432882554743950 3 24873 24945 352
span 4148122419060191535 3 24873 24908 352
span 13944906062391076151 3 24948 25006 353
span 11566914972932462545 3 24948 24976 353
span 17989369977854456516 3 25009 25065 354
span 3489579349762508032 3 25009 25036 354
span 6842312990264216422 3 25068 25136 355
span 9413437047594738573 3 25068 25101 355
span 14252979618516447382 3 25139 25199 356
span 2704376754124152499 3 25139 25168 356
span 13919405567605508009 4 0 848 1
span 5107676367671943282 4 255 261 2
span 930725296783134894 4 272 290 3
span 9146059308007776660 4 300 317 4
span 3594248135121067134 4 327 347 5
span 18059080028690812473 4 353 706 6
span 16183052661357263516 4 373 391 7
span 8958733611464382214 4 400 420 8
span 11652277739372870903 4 429 446 9
span 8916081407986082241 4 471 540 12
span 11218189028198410394 4 480 540 12
span 11083694516742226709 4 471 477 12
span 7127081732913815639 4 577 640 14
span 822139927146221988 4 645 702 15
span 805255023093848731 4 545 563 13
span 7600579581060992238 4 577 597 14
span 2816293385756058394 4 645 662 15
span 1866553219980166682 4 709 731 17
span 590459317303398134 4 755 779 18
span 3023316492903328533 4 805 826 19
span 12497564087739770603 5 0 3875 1
span 2492690790403817172 5 222 232 2
span 13554566350443585448 5 243 253 3
span 16026196465453108083 5 264 274 4
span 9449492657352824042 5 285 295 5
span 5510048453842845005 5 306 316 6
span 16508382984099924503 5 327 335 7
span 5195911669493407118 5 346 364 8
span 15068382492147153255 5 375 393 9
span 12925427941680668783 5 404 421 10
span 3363946134626334897 5 432 449 11
span 8601571717384949179 5 460 476 12
span 17736158962816767618 5 487 503 13
span 7370512339260224063 5 514 531 14
span 5950341021065588954 5 542 559 15
span 15264300502572946282 5 570 587 16
span 11742243496293418458 5 598 614 17
span 1249578436080923022 5 625 642 18
span 9465343891247898325 5 653 660 19
span 4950941024202762390 5 674 681 20
span 11497405310132752084 5 695 702 21
span 17908988561308212736 5 712 760 22
span 1612951149456302499 5 725 760 22
span 1114366193841481882 5 716 722 22
span 7869567651033551835 5 763 779 23
span 10703744542433145121 5 791 839 24
span 13867681218524640356 5 804 839 24
span 1273657823276489067 5 795 801 24
span 2773666259576256647 5 842 858 25
span 15069794248903285885 5 870 917 26
span 2838819069150143514 5 883 917 26
span 7704426513756746303 5 874 880 26
span 5790107735668408467 5 920 938 27
span 14948865551696586308 5 950 998 28
span 14957100871754499447 5 963 998 28
span 9711902606800849103 5 954 960 28
span 15008156131415601722 5 1001 1017 29
span 3318384019914964766 5 1029 1077 30
span 18249411502671969925 5 1042 1077 30
span 13790527147736545980 5 1033 1039 30
span 12549524704777583080 5 1080 1097 31
span 16944731368569576119 5 1109 1157 32
span 11676794200975725763 5 1122 1157 32
span 1594885955658436236 5 1113 1119 32
span 1085357946333212650 5 1160 1177 33
span 15595096343290524307 5 1189 1237 34
span 13659160270284236803 5 1202 1237 34
span 2874517716150741704 5 1193 1199 34
span 6872590597628006572 5 1240 1257 35
span 10277488288880697504 5 1269 1318 36
span 16464974043872912010 5 1282 1318 36
span 3986464065592022533 5 1273 1279 36
span 13810870425951332249 5 1321 1338 37
span 7385362598368670751 5 1350 1399 38
span 14883615048285710496 5 1363 1399 38
span 14593459540400455443 5 1354 1360 38
span 8625771335524481907 5 1402 1419 39
span 9796083733979584258 5 1431 1480 40
span 4153620545654867629 5 1445 1480 40
span 4873471294492504803 5 1435 1442 40
span 2324452243212887650 5 1483 1500 41
span 6799846740425072751 5 1513 1562 42
span 2521825404759386373 5 1527 1562 42
span 12391393982647827189 5 1517 1524 42
span 5954719550785887979 5 1565 1613 43
span 8256660824787141050 5 1565 1573 43
span 6732688959123048963 5 1616 1737 44
span 6406953885132077811 5 1616 1626 44
span 3672479316738405025 5 1740 1758 45
span 8394768183647920305 5 1771 1819 46
span 5227495744503071954 5 1771 1781 46
span 11193863173019625719 5 1822 1872 47
span 9387855327571504656 5 1822 1832 47
span 8998029676472203269 5 1875 1944 48
span 952502998118319949 5 1875 1885 48
span 6264189389679850896 5 1947 1996 49
span 3771427769882435567 5 1947 1957 49
span 11840065985201708911 5 1999 2040 50
span 1124600145848951701 5 1999 2006 50
span 537031354877211398 5 2043 2129 51
span 15242138770377294679 5 2132 2229 52
span 1383307455141327985 5 2232 2401 53
span 17410859769303678790 5 2404 2442 54
span 13322424670759517130 5 2043 2051 51
span 13855467037986964216 5 2132 2140 52
span 10278904941277542285 5 2232 2239 53
span 4846194178811370936 5 2427 2434 55
span 9053996893558270356 5 2445 2518 57
span 13008314531308567108 5 2462 2518 57
span 4425508783909226831 5 2449 2456 57
span 1371479849428734443 5 2521 2587 58
span 11854383650126928700 5 2538 2587 58
span 9059032097426001760 5 2525 2532 58
span 6029779558101797298 5 2590 2656 59
span 16515875584656514109 5 2607 2656 59
span 14222616711459108820 5 2594 2601 59
span 15137265674289278911 5 2659 2731 60
span 7539380818381924832 5 2676 2731 60
span 4214169697880664939 5 2663 2670 60
span 13237028588695788359 5 2734 2798 61
span 5632314786729354197 5 2734 2741 61
span 418821495100776860 5 2801 2871 62
span 14660273461912164920 5 2894 2941 64
span 12814124047546390768 5 2801 2810 62
span 864422657385967580 5 2874 2881 63
span 3769109876009706466 5 2926 2933 65
span 16541305819729361226 5 2944 3137 67
span 5255382713143334029 5 2961 3137 67
span 16799068426600532016 5 2948 2955 67
span 4960747177183815179 5 3140 3202 68
span 9903855481725790679 5 3140 3147 68
span 12027543910292759382 5 3229 3345 70
span 2589489993860936888 5 3348 3396 71
span 16164050939840910141 5 3205 3216 69
span 1064526410532320147 5 3229 3244 70
span 1075229609619906610 5 3381 3388 72
span 1769127255096279846 5 3399 3465 74
span 5840208684825272811 5 3416 3465 74
span 317175146906577803 5 3403 3410 74
span 3983287786012443007 5 3489 3704 76
span 5791155974463735376 5 3707 3756 77
span 18184230906489354732 5 3759 3873 78
span 13057243006407938844 5 3468 3476 75
span 14998243499712423378 5 3489 3500 76
span 439652106605376712 5 3707 3715 77
span 5176566930867341631 5 3759 3770 78
span 13403332753582930969 6 0 5766 1
span 14202496863958525201 6 104 110 2
span 18142766010311324891 6 121 128 3
span 14091343922447402905 6 139 146 4
span 1185621030456445406 6 157 163 5
span 3868322090375610373 6 174 180 6
span 4887522109730771062 6 191 197 7
span 5891037642198375166 6 208 227 8
span 2492925043280884165 6 238 257 9
span 9599018150348034070 6 268 286 10
span 15697827066841219978 6 297 316 11
span 7915547033308642076 6 327 346 12
span 14815606993005775943 6 357 376 13
span 3096135940984344532 6 387 393 14
span 3396395697447268603 6 404 410 15
span 2816440103564413629 6 421 427 16
span 4211016255295897716 6 438 444 17
span 1953454231534544517 6 455 461 18
span 4206632353332936911 6 472 481 19
span 11051866593955950406 6 488 560 20
span 4014242624156158054 6 488 507 20
span 7672731570637856557 6 563 670 21
span 9749463184469491620 6 563 582 21
span 7540420693759207432 6 673 744 22
span 12685953524202597845 6 673 691 22
span 11373235973136688639 6 747 808 23
span 10125878632941605446 6 747 766 23
span 14169400569440866145 6 811 889 24
span 9898439425742360526 6 811 830 24
span 4827027191669594375 6 892 962 25
span 11291375686977730258 6 892 911 25
span 2812294124642419597 6 965 5740 26
span 3960850752219482740 6 1012 1045 28
span 1895552258566942490 6 1012 1021 28
span 4759816836408270698 6 1092 1142 31
span 5304197698139201030 6 1101 1142 31
span 15730682426431062165 6 1092 1098 31
span 10341274019663572853 6 1147 1169 32
span 5782542028669056698 6 1147 1156 32
span 4813458820586564746 6 1211 1254 34
span 8046323948471476336 6 1217 1220 34
span 5687675045785272419 6 1264 1833 36
span 5752995333476673596 6 1273 1833 36
span 15614815222883658057 6 1264 1270 36
span 8364960530395316495 6 1838 1847 37
span 9024961783640615942 6 1898 1942 39
span 9269322997443595051 6 1904 1908 39
span 3569174584752345179 6 1952 2597 41
span 11520420575114502843 6 1961 2597 41
span 10699212799427629290 6 1952 1958 41
span 9500091384523203339 6 2602 2611 42
span 12137303720918372508 6 2662 2706 44
span 13884516031462121506 6 2668 2672 44
span 15472396953510214462 6 2716 3317 46
span 10668679148577833322 6 2725 3317 46
span 2206117344635067117 6 2716 2722 46
span 12334441841079798151 6 3322 3331 47
span 9279749110756763720 6 3382 3415 49
span 1683015410511795554 6 3382 3391 49
span 42001077386316411 6 3457 3490 51
span 17725817219441183503 6 3457 3466 51
span 5598378848212649605 6 3532 3575 53
span 4338484784602093431 6 3538 3542 53
span 12050154432728103916 6 3585 4185 55
span 5414870606458732704 6 3594 4185 55
span 8083294364495120352 6 3585 3591 55
span 530512920235297684 6 4190 4199 56
span 9561249087285027111 6 4250 4294 58
span 16776832111238905138 6 4256 4260 58
span 1911891330922691033 6 4304 4910 60
span 13586542478941487566 6 4313 4910 60
span 1606076219063977611 6 4304 4310 60
span 1336939814836604556 6 4915 4924 61
span 8924930732095714002 6 4980 5056 64
span 10479319547164882676 6 4989 5056 64
span 2739649617421341688 6 4980 4986 64
span 8022773368048320532 6 5061 5083 65
span 12176960037686103376 6 5061 5070 65
span 13829570056170095390 6 5126 5173 67
span 11376428156904968002 6 5126 5135 67
span 16063506844060921050 6 5221 5298 70
span 18354010917643334436 6 5230 5298 70
span 6745693468027449948 6 5221 5227 70
span 9864421414804461912 6 5303 5325 71
span 781349897800338417 6 5303 5312 71
span 11180922207373146758 6 5373 5424 74
span 9139749888182677218 6 5382 5424 74
span 16033191756009137164 6 5373 5379 74
span 9483953792576862378 6 5429 5451 75
span 12948891918551856021 6 5429 5438 75
span 1620193660149322619 6 5499 5551 78
span 13906888337830196788 6 5509 5551 78
span 1949890915987438189 6 5499 5506 78
span 5637659141800325440 6 5556 5579 79
span 16897954332482044837 6 5556 5565 79
span 11025983607818613579 6 5627 5679 82
span 9255054656889523550 6 5637 5679 82
span 16866170227386183718 6 5627 5634 82
span 12782212268071399500 6 5684 5707 83
span 1377492417619702012 6 5684 5693 83
span 8500927655298484860 6 5723 5732 85
span 8472049846748987383 6 5743 5752 87
span 6919799426069072855 7 0 1160 1
span 2028182973999917187 7 143 149 2
span 12371247911417390957 7 160 166 3
span 12993619919506916034 7 177 183 4
span 3016481489012561267 7 194 200 5
span 16563900681473840383 7 211 217 6
span 18312446208899488442 7 228 237 7
span 9047040120343456463 7 244 1066 8
span 7835447318991356404 7 280 323 10
span 11888898545529858253 7 289 323 10
span 3368068582534739832 7 333 409 12
span 6636241019562724919 7 280 286 10
span 2539845576166372550 7 342 409 12
span 13487860764612810745 7 419 516 14
span 14066279126483177987 7 333 339 12
span 17912991745473011763 7 428 516 14
span 8536217404476636672 7 419 425 14
span 3223774302877738483 7 526 535 16
span 11853665631173878876 7 575 609 18
span 12619458619535617493 7 575 584 18
span 1120190406015819021 7 640 649 20
span 368255438304984531 7 684 693 22
span 18245317002403691538 7 728 737 24
span 14624293550234275649 7 777 861 27
span 1979310758536625527 7 786 861 27
span 10976376519645960822 7 871 966 29
span 8184532928728016805 7 777 783 27
span 14052737627582698397 7 880 966 29
span 17089600109542010786 7 871 877 29
span 1969061937055319715 7 971 980 30
span 5026447202019229460 7 1020 1029 32
span 2744895891337701715 7 1049 1058 34
span 5561895111272105294 7 1069 1134 36
span 6971477753522242110 7 1085 1134 36
span 14838629904250721043 7 1073 1079 36
span 3256276198681579710 7 1137 1149 37
span 10821476499645696856 8 0 3937 1
span 3645522688040578558 8 402 469 2
span 5673485865841528659 8 415 469 2
span 1889608441561262178 8 406 412 2
span 6775685076699217329 8 472 525 3
span 3493691964586359021 8 485 525 3
span 4404470039324762409 8 476 482 3
span 8979199668427700205 8 528 595 4
span 16488902826434719207 8 541 595 4
span 7541055645587017233 8 532 538 4
span 9603353221734458735 8 598 651 5
span 10946649732770883836 8 611 651 5
span 4292046759981848147 8 602 608 5
span 12047721909370047109 8 654 720 6
span 12743979651450500411 8 667 720 6
span 5541988922091577860 8 658 664 6
span 14391587596862875225 8 723 776 7
span 13833663823819388977 8 736 776 7
span 5228978790318370018 8 727 733 7
span 14404152926968761208 8 779 845 8
span 507686416930787832 8 792 845 8
span 10362673954847454667 8 783 789 8
span 15465840024806192850 8 848 901 9
span 8566636128253939681 8 861 901 9
span 15283028148790531062 8 852 858 9
span 2105403622479404671 8 904 979 10
span 5591005167903748526 8 920 979 10
span 16492054845227691497 8 908 914 10
span 12498530970319337691 8 982 1071 11
span 986140481619960719 8 999 1071 11
span 7790766564107162995 8 986 993 11
span 11628541838315296500 8 1074 1165 12
span 17577365032198950595 8 1091 1165 12
span 13027841877149603944 8 1078 1085 12
span 7673327377048771098 8 1168 1259 13
span 14830692982130738409 8 1185 1259 13
span 15966613626787827653 8 1172 1179 13
span 15547987996191458527 8 1292 1360 15
span 13808740388956017105 8 1262 1279 14
span 16405091027197000352 8 1306 1360 15
span 8704413274001585987 8 1296 1303 15
span 6840671465680404992 8 1363 1417 16
span 4051986093438629851 8 1377 1417 16
span 6625105442346460897 8 1367 1374 16
span 2302566547973644170 8 1420 1488 17
span 3609649067882460197 8 1434 1488 17
span 12104325261503792073 8 1424 1431 17
span 3607818778519809571 8 1491 1545 18
span 8961419794325312008 8 1505 1545 18
span 681415336752992409 8 1495 1502 18
span 15993212544239610602 8 1548 1615 19
span 8328413321528164893 8 1562 1615 19
span 16902319355363433992 8 1552 1559 19
span 5198511744237597418 8 1618 1672 20
span 8726748804675105272 8 1632 1672 20
span 14306599441055892465 8 1622 1629 20
span 11751260327588393927 8 1675 1742 21
span 2434557764897177211 8 1689 1742 21
span 1516341316595134505 8 1679 1686 21
span 1892129263217610602 8 1745 1799 22
span 16034486345847284026 8 1759 1799 22
span 13190022976039151272 8 1749 1756 22
span 6697560395289061131 8 1802 1880 23
span 1576026132689287404 8 1819 1880 23
span 6920538231682561305 8 1806 1813 23
span 4525726149520216658 8 1883 1975 24
span 6294666690068782704 8 1900 1975 24
span 15176121253671278935 8 1887 1894 24
span 15387030481146016655 8 1978 2071 25
span 11365541369751064164 8 1995 2071 25
span 5835755841322077764 8 1982 1989 25
span 3439913680453816762 8 2074 2167 26
span 9495856036455560896 8 2091 2167 26
span 8703510680992923939 8 2078 2085 26
span 333543011123213576 8 2200 2268 28
span 6478483896812129497 8 2170 2187 27
span 12625003940264637434 8 2214 2268 28
span 8272481402975605771 8 2204 2211 28
span 16648979105837014319 8 2271 2325 29
span 4512488833297391883 8 2285 2325 29
span 10477852716971454501 8 2275 2282 29
span 16043380353873078325 8 2328 2396 30
span 4787925832221692307 8 2342 2396 30
span 15448939646485816073 8 2332 2339 30
span 17563105449303184141 8 2399 2453 31
span 15933593231148748432 8 2413 2453 31
span 14800095330031861638 8 2403 2410 31
span 9578630243121344277 8 2456 2523 32
span 14370903719080032224 8 2470 2523 32
span 2057854820549551823 8 2460 2467 32
span 9562970530962588395 8 2526 2580 33
span 10754001825119163065 8 2540 2580 33
span 11942086497043647552 8 2530 2537 33
span 2711051161474755243 8 2583 2650 34
span 15846292414265837103 8 2597 2650 34
span 1393517597550402525 8 2587 2594 34
span 511524162073288808 8 2653 2707 35
span 1612916671980676369 8 2667 2707 35
span 5994939787159666782 8 2657 2664 35
span 14788582015432703455 8 2710 2844 36
span 14292713893783571753 8 2727 2844 36
span 10371916999453748438 8 2714 2721 36
span 15757793226010282712 8 2847 2940 37
span 5250382804292426405 8 2864 2940 37
span 4742032727542734393 8 2851 2858 37
span 10963749393015486901 8 2943 3036 38
span 18363546074258851993 8 2960 3036 38
span 18305489516793297865 8 2947 2954 38
span 11812664687478212613 8 3069 3137 40
span 1904050750196051515 8 3039 3056 39
span 3951300831583774878 8 3083 3137 40
span 10646674820928760672 8 3073 3080 40
span 8642343550502637633 8 3140 3194 41
span 16677666179590300288 8 3154 3194 41
span 8229011558986469358 8 3144 3151 41
span 1314668746076373686 8 3197 3265 42
span 2278871099465244760 8 3211 3265 42
span 16087938048394511576 8 3201 3208 42
span 13102495847246028609 8 3268 3322 43
span 7727398580829699964 8 3282 3322 43
span 5478497293138136743 8 3272 3279 43
span 6685405421402959642 8 3325 3392 44
span 18202367666130034481 8 3339 3392 44
span 4889760950651534915 8 3329 3336 44
span 13894972067862368926 8 3395 3449 45
span 5381904200304193621 8 3409 3449 45
span 1064070821314673250 8 3399 3406 45
span 18044622971573996265 8 3452 3519 46
span 6345061331797810731 8 3466 3519 46
span 6108069500071607614 8 3456 3463 46
span 14541325302583185376 8 3522 3576 47
span 8095046392634145699 8 3536 3576 47
span 4410489945497993135 8 3526 3533 47
span 13138069929595453569 8 3579 3713 48
span 12796692802510300481 8 3596 3713 48
span 3149016860314432389 8 3583 3590 48
span 6865920254004156935 8 3716 3809 49
span 7702286343091269880 8 3733 3809 49
span 10147165962805156748 8 3720 3727 49
span 12385448385486306971 8 3812 3905 50
span 3256824623750892661 8 3829 3905 50
span 4075057687651875575 8 3816 3823 50
span 10257768007854222362 8 3908 3925 51
span 12863769403176767696 9 0 1869 1
span 12743415063870696871 9 210 218 2
span 2521035485068669411 9 225 272 3
span 4101395253861860536 9 238 272 3
span 15495840283201735724 9 229 235 3
span 12038504509591438020 9 275 330 4
span 3240698648459714127 9 288 330 4
span 8750616533595209919 9 279 285 4
span 15292807143074049272 9 333 380 5
span 5327791359246500047 9 346 380 5
span 17126885073886386388 9 337 343 5
span 9504234216464839713 9 383 438 6
span 8355162795721329963 9 396 438 6
span 13855895801611311438 9 387 393 6
span 9389055015598070201 9 441 488 7
span 3859917761303296538 9 454 488 7
span 10611229447089635577 9 445 451 7
span 8452527222636416846 9 491 571 8
span 3746511298845424488 9 504 571 8
span 1798089130431531972 9 495 501 8
span 11419207997854676185 9 574 621 9
span 13402658592828353208 9 587 621 9
span 3396338575066909020 9 578 584 9
span 16552938417806811593 9 624 705 10
span 5040729095041389399 9 637 705 10
span 15921352514828609821 9 628 634 10
span 14766764847843936464 9 708 755 11
span 5611061877439080907 9 721 755 11
span 3456488737398665607 9 712 718 11
span 15839428625746789603 9 758 813 12
span 11956078232241437470 9 772 813 12
span 5780356467716836888 9 762 769 12
span 5566119056922562922 9 816 864 13
span 18438284968246094580 9 830 864 13
span 9206511718393152803 9 820 827 13
span 15768870774734662339 9 867 923 14
span 13000306290862624114 9 881 923 14
span 9048631340139009928 9 871 878 14
span 6424120613338365597 9 926 1057 15
span 12828499757246320778 9 926 934 15
span 16578918732498296774 9 1060 1173 16
span 7554594621020568144 9 1078 1173 16
span 9255139281600853847 9 1064 1071 16
span 2236729476139958688 9 1176 1275 17
span 7016948242558645055 9 1194 1275 17
span 490007893833381962 9 1180 1187 17
span 15064949632385699807 9 1278 1408 18
span 8041207435779712519 9 1296 1408 18
span 607861457364959896 9 1282 1289 18
span 17384667742369295342 9 1411 1524 19
span 7263503894293358435 9 1429 1524 19
span 15662588543361108326 9 1415 1422 19
span 15121793125068228886 9 1527 1611 20
span 4543258498382592527 9 1545 1611 20
span 4361055873048121954 9 1531 1538 20
span 9593731337115399039 9 1614 1696 21
span 10048671597081694049 9 1632 1696 21
span 11738466746484467970 9 1618 1625 21
span 739925637734341302 9 1721 1771 23
span 12763814489622099993 9 1699 1708 22
span 7504585739631071949 9 1735 1771 23
span 2189155346868532474 9 1725 1732 23
span 5022692330492540749 9 1774 1846 24
span 16731997571803871491 9 1791 1846 24
span 2337243636888464431 9 1778 1785 24
span 3970899856793000455 9 1849 1857 25
span 13901684240079272362 10 0 1486 1
span 5288318692304792318 10 360 366 2
span 7381957223650722747 10 377 383 3
span 7649303081004449233 10 394 400 4
span 11599885840461894213 10 411 417 5
span 3084224244696308102 10 428 441 6
span 10301495200660219798 10 452 469 7
span 1315158440708254266 10 480 490 8
span 6727098125356216333 10 501 510 9
span 17997869376393801185 10 520 535 10
span 12705796663007012882 10 546 557 11
span 9688547139454140146 10 563 1274 12
span 5755464262518283719 10 583 596 13
span 7067925945494553291 10 605 620 14
span 6689940789203409219 10 629 640 15
span 17513585032932253199 10 649 666 16
span 14285187061422923778 10 675 685 17
span 1978731389710161405 10 694 703 18
span 9502985867908675470 10 728 793 21
span 14897131542140999688 10 737 793 21
span 12807618965789402258 10 803 840 23
span 8017521943027187183 10 728 734 21
span 4058812603948759634 10 872 913 25
span 1321500253350442432 10 803 809 23
span 14111874997470825793 10 845 858 24
span 7664409653236611928 10 897 903 26
span 10007743656204286066 10 923 953 29
span 9165021822783830800 10 989 1030 31
span 14744458333003618615 10 923 929 29
span 11925316741869085067 10 958 975 30
span 12903048175044230003 10 1014 1020 32
span 3274176812929149362 10 1040 1075 35
span 4022694554507510314 10 1104 1145 37
span 5796957194589097730 10 1150 1191 38
span 5402072193588721888 10 1040 1046 35
span 819723667737812277 10 1080 1090 36
span 227720032869902754 10 1104 1113 37
span 3043124389841480538 10 1175 1181 39
span 17974892918058221913 10 1225 1270 42
span 4649032498746577797 10 1196 1211 41
span 8422167224686834289 10 1225 1236 42
span 5529157914734846981 10 1277 1294 44
span 12183326329940747697 10 1313 1332 45
span 14373488298272734045 10 1353 1368 46
span 13494162435144600589 10 1385 1406 47
span 17368662805560175877 10 1429 1443 48
span 13391332969674142170 10 1459 1472 49
span 7573049397929926891 11 0 1557 1
span 3708609824479584752 11 409 417 2
span 4192717148174214330 11 428 448 3
span 11332095094131565413 11 459 475 4
span 7568166102943138423 11 482 548 5
span 15301630022220068767 11 482 502 5
span 10429608300648781165 11 551 619 6
span 8158581217060412861 11 564 619 6
span 4266980907552072971 11 555 561 6
span 2172379006574415813 11 622 690 7
span 14921692613381720810 11 635 690 7
span 2022184421576762838 11 626 632 7
span 5418336407363185037 11 693 761 8
span 16888975509854716172 11 706 761 8
span 10814198552302814055 11 697 703 8
span 11319149624375585092 11 764 832 9
span 14186608324038888606 11 777 832 9
span 9946621425497741565 11 768 774 9
span 5557259475215714233 11 835 903 10
span 9557600640901381370 11 848 903 10
span 11963247149821818824 11 839 845 10
span 14756464601789233455 11 906 974 11
span 18068867211270757701 11 919 974 11
span 211575045223627837 11 910 916 11
span 8004613381783796836 11 977 1045 12
span 1893918352470548795 11 990 1045 12
span 817747484251417887 11 981 987 12
span 4848265319080100852 11 1048 1116 13
span 16201410106317237488 11 1061 1116 13
span 1533542368797741231 11 1052 1058 13
span 6524453136973294370 11 1119 1255 14
span 15964393855739139529 11 1119 1127 14
span 4793424857799983411 11 1258 1315 15
span 4261059796724919587 11 1258 1274 15
span 1268569219216568679 11 1359 1407 17
span 3945766479968803272 11 1318 1333 16
span 6587150067491253623 11 1359 1373 17
span 2418835113422539540 11 1410 1424 18
span 17583920728652586110 11 1450 1464 19
span 642408639172845177 11 1486 1500 20
span 16035803599332836358 11 1526 1536 21
span 871510931681345349 12 0 608 1
span 16339121682367978977 12 220 232 2
span 4645691346461766347 12 243 256 3
span 15753327247727038685 12 267 282 4
span 115479356148845343 12 289 496 5
span 5712568510733494919 12 309 322 6
span 4084793991514684561 12 331 346 7
span 987515989945392738 12 355 367 8
span 5226248554197043737 12 387 400 10
span 6516157451247919077 12 423 438 11
span 11563492503027637446 12 463 475 12
span 16205898456989932743 12 499 516 14
span 17700163978224906314 12 535 554 15
span 3984550278054159703 12 575 591 16
span 12340662856493774534 13 0 4105 1
span 128706146872243937 13 188 198 2
span 1136257117016828807 13 209 217 3
span 6017226927798020925 13 228 248 4
span 1855454331408691578 13 259 279 5
span 3221985680660395277 13 290 310 6
span 7176224212322224308 13 321 340 7
span 11720081814053647992 13 351 370 8
span 4881737372847907746 13 381 401 9
span 8548991103524276630 13 412 431 10
span 6568149524378299715 13 442 454 11
span 12588728738209143236 13 465 485 12
span 8948925836858861125 13 496 516 13
span 10084333633866234156 13 527 534 14
span 15151830738367079430 13 549 556 15
span 14688824910843231081 13 567 591 16
span 13055699558381035522 13 567 579 16
span 4533539541545114829 13 594 650 17
span 16767439530937195647 13 607 650 17
span 17700508421649660391 13 598 604 17
span 2583775762108575535 13 653 672 18
span 14566610368533074371 13 684 740 19
span 4960320087537311597 13 697 740 19
span 17728476322665324748 13 688 694 19
span 4381061315080921622 13 743 762 20
span 8585746630936928832 13 774 829 21
span 1878042935821072826 13 787 829 21
span 17705579465911010053 13 778 784 21
span 8961815948323301670 13 832 851 22
span 8897400025699397825 13 863 919 23
span 2264923530723349819 13 876 919 23
span 2498853032103982083 13 867 873 23
span 6688714120861311403 13 922 942 24
span 18132539674112724497 13 954 1010 25
span 8462866242928733861 13 967 1010 25
span 17126200840768858942 13 958 964 25
span 13347581293722338644 13 1013 1033 26
span 12564034266797653980 13 1045 1102 27
span 11462931485265864965 13 1058 1102 27
span 3872265165779677589 13 1049 1055 27
span 2853896325530058515 13 1105 1125 28
span 8533402138609818424 13 1137 1193 29
span 8061367453067793398 13 1150 1193 29
span 17281961989729695180 13 1141 1147 29
span 12713605582726160833 13 1196 1216 30
span 14279863810476070514 13 1228 1285 31
span 7563206989223936283 13 1241 1285 31
span 12154630277410342174 13 1232 1238 31
span 6663811716904943735 13 1288 1344 32
span 14346098815917044999 13 1301 1344 32
span 11348390175201316495 13 1292 1298 32
span 7545835200332297956 13 1347 1373 33
span 15265114160223278237 13 1347 1355 33
span 16991802575686974125 13 1376 1433 34
span 1502756673820539754 13 1390 1433 34
span 147790417117030479 13 1380 1387 34
span 6493043257355181659 13 1436 1493 35
span 11413288399255091048 13 1450 1493 35
span 1971967888699263044 13 1440 1447 35
span 10513396132711310978 13 1496 1526 36
span 10357588195105501290 13 1496 1506 36
span 12803274764575314455 13 1529 1588 37
span 1957266580867077817 13 1543 1588 37
span 6762137445295126515 13 1533 1540 37
span 4069185666314464705 13 1591 1611 38
span 13693252560977297554 13 1624 1678 39
span 11843416653162921557 13 1638 1678 39
span 7225963144708550153 13 1628 1635 39
span 16214609473430306677 13 1681 1736 40
span 2121366371359178117 13 1695 1736 40
span 5667112556100967564 13 1685 1692 40
span 4290776767164462112 13 1739 1794 41
span 17643940535983895185 13 1753 1794 41
span 16495150732780512464 13 1743 1750 41
span 4264689732235264800 13 1797 1853 42
span 3767411680852110405 13 1811 1853 42
span 5948182329157907542 13 1801 1808 42
span 9236052724591299913 13 1856 1912 43
span 9852911569662517006 13 1870 1912 43
span 9951286513006009752 13 1860 1867 43
span 2908089579541566807 13 1915 1970 44
span 2649497348974973323 13 1929 1970 44
span 12299481170240120212 13 1919 1926 44
span 881958392092403785 13 1973 2028 45
span 16042131715864748850 13 1987 2028 45
span 14737889502032526499 13 1977 1984 45
span 15462500554444463898 13 2031 2085 46
span 5045995747645190866 13 2045 2085 46
span 11676404892799187203 13 2035 2042 46
span 11892220836896814641 13 2088 2143 47
span 8637984596763835591 13 2102 2143 47
span 10574789903768825481 13 2092 2099 47
span 16588758977934326956 13 2146 2201 48
span 3509664622821294722 13 2160 2201 48
span 13219474919835926947 13 2150 2157 48
span 10325861178808043168 13 2204 2259 49
span 14789677829555988224 13 2218 2259 49
span 7489901666045126689 13 2208 2215 49
span 11474973937894977790 13 2262 2317 50
span 6702691912052440891 13 2276 2317 50
span 13265351269219730009 13 2266 2273 50
span 18420940587068277044 13 2320 2376 51
span 10550033159701989714 13 2334 2376 51
span 16916860756518496260 13 2324 2331 51
span 2370810564225851931 13 2379 2435 52
span 15534085834551890631 13 2393 2435 52
span 17874172965695118285 13 2383 2390 52
span 2372012992990228912 13 2438 2493 53
span 17605327024190696316 13 2452 2493 53
span 13610073378078271014 13 2442 2449 53
span 3639759407076421154 13 2496 2551 54
span 7008119137064625005 13 2510 2551 54
span 166194960684078433 13 2500 2507 54
span 2397140020650546136 13 2554 2609 55
span 2634717889231688741 13 2568 2609 55
span 2166639453328620220 13 2558 2565 55
span 7945046208481793090 13 2612 2683 56
span 3596783762907393264 13 2626 2683 56
span 318191138648078450 13 2616 2623 56
span 6712193977337151669 13 2686 2757 57
span 18009530984611252561 13 2700 2757 57
span 13798486140644220013 13 2690 2697 57
span 1458109899186378108 13 2760 2819 58
span 494919950136045494 13 2774 2819 58
span 8168820292130231693 13 2764 2771 58
span 14134560374185770301 13 2822 3501 59
span 17910237135011794749 13 2822 2842 59
span 7242652931143297913 13 3504 3623 60
span 7266623269684425537 13 3522 3623 60
span 7150290898991743202 13 3508 3515 60
span 7565708077171056777 13 3626 3732 61
span 2640212944877632480 13 3644 3732 61
span 3084867787218929334 13 3630 3637 61
span 7615669662721009044 13 3735 3771 62
span 16854623977586472686 13 3735 3742 62
span 10928585080225350474 13 3796 3870 64
span 7634765102911685423 13 3774 3783 63
span 17341981035119176173 13 3831 3866 65
span 13332314707590602917 13 3831 3838 65
span 16316141235153165205 13 3914 4014 69
span 2113140415537271364 13 3888 3901 68
span 1437146337043532524 13 3974 4010 70
span 2856602168820635763 13 3974 3981 70
span 3714362787502658971 13 4043 4103 73
span 8511663282804480819 13 4017 4030 72
span 2802156585056051497 13 4043 4057 73
span 7710184478676418968 14 0 517 1
span 10995540819830262163 14 189 206 2
span 10656064390338629625 14 216 236 3
span 10007139587935935677 14 242 421 4
span 11513846729079294510 14 262 282 5
span 15515576493693600223 14 291 308 6
span 12975610003575849358 14 328 348 8
span 14251163666985086518 14 378 395 9
span 15124641626190158965 14 424 448 11
span 1114094824750565661 14 474 495 12
span 7721880679393857161 15 0 1520 1
span 2228825462275882945 15 350 356 2
span 12769147256221530797 15 367 373 3
span 14178618490190234178 15 384 390 4
span 5798633730300313676 15 401 407 5
span 18422394075324401925 15 418 424 6
span 4837836464743579930 15 435 441 7
span 17668916125465444235 15 452 467 8
span 5974529525902697576 15 478 489 9
span 10507836337219068683 15 500 513 10
span 2723518768557819853 15 524 537 11
span 223704669000688385 15 548 559 12
span 13044474103039384111 15 565 1320 13
span 15978108685044435825 15 585 600 14
span 14187597223501755058 15 609 620 15
span 6630893333447776152 15 629 635 16
span 5558639079679158295 15 644 657 17
span 4987473383792739262 15 666 679 18
span 12703043317864180070 15 688 699 19
span 14479031056555551018 15 724 782 22
span 14773744015491738484 15 733 782 22
span 11182177656259055563 15 792 827 24
span 5560687113855651604 15 724 730 22
span 7300495775098332525 15 852 893 26
span 7362443105739137614 15 792 798 24
span 6422692148559666259 15 832 838 25
span 3703993919796159778 15 877 883 27
span 3530796559319440564 15 903 934 30
span 13003224416972900088 15 968 1009 32
span 8813161306244992931 15 903 909 30
span 4705774244810365933 15 939 954 31
span 4182556673226885167 15 993 999 33
span 15867578998972999198 15 1019 1052 36
span 9827866945743916169 15 1082 1123 38
span 4214216069881686060 15 1019 1025 36
span 15646205712220259885 15 1057 1068 37
span 1314401942304304301 15 1107 1113 39
span 5310585095519473938 15 1133 1166 42
span 13106532249317289923 15 1198 1239 44
span 2270185147843331619 15 1133 1139 42
span 3572702606660406170 15 1171 1184 43
span 10297765475179867694 15 1223 1229 45
span 13452226388853080137 15 1244 1289 47
span 13252592778081093295 15 1244 1255 47
span 2729973405592219485 15 1294 1307 48
span 6997302207849971174 15 1323 1342 50
span 7903096793342269069 15 1363 1378 51
span 4397915445398490724 15 1395 1405 52
span 1111162156783499292 15 1417 1434 53
span 10658073633370267540 15 1453 1470 54
span 14724867853270237144 15 1489 1504 55
span 9374134878190135199 16 0 22922 1
span 13791098389231653790 16 409 419 2
span 11822998725551971376 16 430 441 3
span 7218983217985250048 16 452 463 4
span 482921463107154909 16 474 485 5
span 2471967783840106676 16 496 507 6
span 7807158404765330368 16 518 529 7
span 3699460549827455937 16 540 551 8
span 3648631755393194041 16 562 573 9
span 364367265537682808 16 584 595 10
span 16052465182910669654 16 606 617 11
span 6505870349259353192 16 628 639 12
span 17750411351012415154 16 650 660 13
span 15701641804576208997 16 671 682 14
span 15515526582615548239 16 693 704 15
span 14778180416608865260 16 715 726 16
span 3939526303283223748 16 737 748 17
span 16756914376153814641 16 759 770 18
span 8606769734820087816 16 781 792 19
span 11010838083533287841 16 803 814 20
span 12222390583685555138 16 825 836 21
span 10564921978200916069 16 847 858 22
span 15297880909754946566 16 869 880 23
span 2700820602064212938 16 891 901 24
span 1347523253615393821 16 912 922 25
span 2445524673545310412 16 933 943 26
span 4961808725213007274 16 954 964 27
span 13618182633474823317 16 975 985 28
span 13540104799410022802 16 996 1006 29
span 10768158359895403784 16 1017 1027 30
span 1490361190918218145 16 1038 1048 31
span 10363001798332329379 16 1059 1067 32
span 1879707950419386335 16 1078 1085 33
span 14008732064831562360 16 1096 1103 34
span 153449341028541452 16 1114 1121 35
span 10926525590209388347 16 1132 1139 36
span 12416262144444638965 16 1150 1157 37
span 8250102544851434539 16 1168 1175 38
span 17661581718956935141 16 1186 1193 39
span 13009032656382687159 16 1204 1211 40
span 6008954840822957267 16 1222 1229 41
span 268004780688251103 16 1240 1247 42
span 5181068421880941807 16 1258 1265 43
span 3408521668755124316 16 1276 1283 44
span 16296542481174443414 16 1294 1301 45
span 14217095522464976610 16 1312 1319 46
span 18440109891526410678 16 1330 1337 47
span 13882522983129493958 16 1348 1355 48
span 7132298160843334599 16 1366 1373 49
span 6939530624265798969 16 1384 1391 50
span 8434168195425707383 16 1402 1409 51
span 10677904358549805825 16 1420 1427 52
span 12332356082069794890 16 1438 1445 53
span 8071560225997761093 16 1456 1463 54
span 18017266845895706484 16 1474 1481 55
span 15145672966092736986 16 1492 1499 56
span 7288230470302691156 16 1510 1517 57
span 6876989408054109361 16 1528 1535 58
span 6114815027089117686 16 1546 1553 59
span 11932772242226452064 16 1564 1571 60
span 14360308421820407720 16 1582 1589 61
span 17833507994295328983 16 1600 1607 62
span 14877660788207840631 16 1618 1625 63
span 4684055639454109960 16 1636 1643 64
span 5152013379427863970 16 1654 1661 65
span 18033907960116158154 16 1672 1681 66
span 6057129619428222862 16 1692 1703 67
span 6821320792224291244 16 1714 1725 68
span 14179384957680042640 16 1736 1747 69
span 13173577577889573237 16 1758 1764 70
span 17750631658553075527 16 1775 1781 71
span 15468700019242527128 16 1792 1798 72
span 10978146174911611205 16 1809 1815 73
span 4875025284634499184 16 1826 1832 74
span 16304855434281529310 16 1843 1849 75
span 18212751382705232348 16 1860 1866 76
span 1731953385170201082 16 1877 1883 77
span 7350173960510790198 16 1894 1900 78
span 13886209865479204542 16 1911 1917 79
span 13952991591205211068 16 1928 1935 80
span 16627297015869302856 16 1946 1953 81
span 6146215276100115835 16 1964 1971 82
span 997114284922483241 16 1982 1989 83
span 14796740804563428869 16 2000 2007 84
span 1210451728452668893 16 2018 2025 85
span 2333508881868716823 16 2036 2043 86
span 10664883549915477391 16 2054 2061 87
span 2599986177010693230 16 2072 2079 88
span 2981542452037264732 16 2090 2097 89
span 1047308780885587585 16 2108 2115 90
span 3758898169355260186 16 2126 2133 91
span 9133355940522621454 16 2144 2151 92
span 2242794287903402543 16 2162 2169 93
span 15943750443939455264 16 2180 2187 94
span 4537948502891846761 16 2198 2205 95
span 7834942216745875204 16 2216 2223 96
span 12898552704618982593 16 2234 2241 97
span 8657169248864524062 16 2252 2259 98
span 14755242112228155529 16 2270 2277 99
span 17317393579943438207 16 2288 2295 100
span 5322250273283418849 16 2306 2313 101
span 16859631027707955130 16 2320 4173 102
span 7976478887303195616 16 2364 2373 104
span 13826412304497668648 16 2421 2430 106
span 14255527911663316685 16 2478 2487 108
span 1759729351084855952 16 2535 2544 110
span 12951523600694681975 16 2592 2601 112
span 11368095165136126747 16 2649 2658 114
span 13496583849578037067 16 2706 2715 116
span 13780766043795502809 16 2763 2772 118
span 1349698808856755613 16 2820 2829 120
span 18301988594380196359 16 2877 2886 122
span 11420735389317454794 16 2935 2944 124
span 345743883254287891 16 2994 3003 126
span 16715877773384355655 16 3053 3062 128
span 4723683688477186269 16 3112 3121 130
span 5625040521957088229 16 3171 3180 132
span 15073892470139519419 16 3230 3239 134
span 8474550709965235580 16 3289 3298 136
span 14989532820536680507 16 3348 3357 138
span 14975388293781481739 16 3407 3416 140
span 1001942413119904279 16 3466 3475 142
span 2830810459753643283 16 3525 3534 144
span 6862933483538956542 16 3584 3593 146
span 2419013845399926769 16 3643 3652 148
span 1008100895702409179 16 3702 3711 150
span 15931759884038256555 16 3761 3770 152
span 5008607778820944676 16 3820 3829 154
span 16007265226954358855 16 3879 3888 156
span 6221595055128193298 16 3938 3947 158
span 5414062568552664096 16 3997 4006 160
span 13609848353373017695 16 4056 4065 162
span 16003290734618707630 16 4115 4124 164
span 3494198672576467312 16 4150 4159 166
span 11291203793351138621 16 4176 6093 168
span 5698859780933716496 16 4220 4231 170
span 229941432768858704 16 4279 4290 172
span 5612603109970319591 16 4338 4349 174
span 4043282672988643216 16 4397 4408 176
span 17387619636727282993 16 4456 4467 178
span 15954118076849049921 16 4515 4526 180
span 11811999884995446971 16 4574 4585 182
span 3479891841454351383 16 4633 4644 184
span 1290738071955376566 16 4692 4703 186
span 5973524479481118217 16 4751 4762 188
span 13215653965364887690 16 4811 4822 190
span 15146869096093056755 16 4872 4883 192
span 6553894275161633462 16 4933 4944 194
span 11128125089015125491 16 4994 5005 196
span 2857089523538036558 16 5055 5066 198
span 1744761055784909473 16 5116 5127 200
span 6615013684750675821 16 5177 5188 202
span 14926665725110969694 16 5238 5249 204
span 11474034491878125376 16 5299 5310 206
span 823044781686165752 16 5360 5371 208
span 10832201674090320296 16 5421 5432 210
span 11317212802386699183 16 5482 5493 212
span 17134516961865265070 16 5543 5554 214
span 11482075079188209622 16 5604 5615 216
span 1250049454964664138 16 5665 5676 218
span 14026070702874231086 16 5726 5737 220
span 13823923770468739357 16 5787 5798 222
span 9489041857667505238 16 5848 5859 224
span 11906161135586638003 16 5909 5920 226
span 18354367535387715458 16 5970 5981 228
span 15100188090059926958 16 6031 6042 230
span 12316948509921957916 16 6068 6079 232
span 11400553158709318035 16 6096 8013 234
span 13050278802832768474 16 6140 6151 236
span 6822213010312581504 16 6199 6210 238
span 10693784417206006855 16 6258 6269 240
span 17119645520121403002 16 6317 6328 242
span 8348379885334716773 16 6376 6387 244
span 462611352095068712 16 6435 6446 246
span 16094093018331050942 16 6494 6505 248
span 5588597605928082166 16 6553 6564 250
span 13633661162367901304 16 6612 6623 252
span 12097087577299335479 16 6671 6682 254
span 8461772086599211921 16 6731 6742 256
span 10191115699644885080 16 6792 6803 258
span 5653852082946911341 16 6853 6864 260
span 3400082561935358166 16 6914 6925 262
span 14029148824342086640 16 6975 6986 264
span 8142755356863645991 16 7036 7047 266
span 14876535651118281887 16 7097 7108 268
span 15544173914451336419 16 7158 7169 270
span 14357789633576206729 16 7219 7230 272
span 3361440589521149160 16 7280 7291 274
span 4534535555212188024 16 7341 7352 276
span 11441303153469703361 16 7402 7413 278
span 1006206855873790808 16 7463 7474 280
span 1299289926660743572 16 7524 7535 282
span 7507762713169468009 16 7585 7596 284
span 448004348666230104 16 7646 7657 286
span 7629947389343027222 16 7707 7718 288
span 1581366237475024246 16 7768 7779 290
span 11799396900250034769 16 7829 7840 292
span 2107062772454969201 16 7890 7901 294
span 3638661715527099398 16 7951 7962 296
span 2556282606547634952 16 7988 7999 298
span 17615827530688294419 16 8016 9933 300
span 8925689472363821655 16 8060 8071 302
span 11391322973449025650 16 8119 8130 304
span 14168873650506203194 16 8178 8189 306
span 15761710577455884998 16 8237 8248 308
span 1346679180162291020 16 8296 8307 310
span 2082034114730212191 16 8355 8366 312
span 14319826767098392038 16 8414 8425 314
span 4608873575310545537 16 8473 8484 316
span 17418072185068704725 16 8532 8543 318
span 152658709817138354 16 8591 8602 320
span 11383375297638709862 16 8651 8662 322
span 9753641351036783754 16 8712 8723 324
span 18365412938599549133 16 8773 8784 326
span 2468384696376533386 16 8834 8845 328
span 3676679718310528478 16 8895 8906 330
span 17584323066560307489 16 8956 8967 332
span 7310097066577987210 16 9017 9028 334
span 2875913330015369638 16 9078 9089 336
span 10569477027374692143 16 9139 9150 338
span 7927592447446490285 16 9200 9211 340
span 990824843777862989 16 9261 9272 342
span 4734725793345373993 16 9322 9333 344
span 15004492147687048139 16 9383 9394 346
span 10367659058071021133 16 9444 9455 348
span 15441200449677166470 16 9505 9516 350
span 16292679833485877237 16 9566 9577 352
span 1826470367082554225 16 9627 9638 354
span 13608002567412906880 16 9688 9699 356
span 8714755819346614087 16 9749 9760 358
span 9945958744724100299 16 9810 9821 360
span 12939334782746456186 16 9871 9882 362
span 7261166837158612744 16 9908 9919 364
span 8108615738185061619 16 9936 9991 366
span 10603711169460877696 16 9949 9991 366
span 16916447193515078384 16 9940 9946 366
span 6218968980568084332 16 9994 10002 367
span 14463823633189754838 16 10014 10069 368
span 8084818507452513015 16 10027 10069 368
span 8484666441960918902 16 10018 10024 368
span 8041563841883451639 16 10072 10082 369
span 13090398902399334148 16 10094 10149 370
span 5918788809673753690 16 10107 10149 370
span 8895643163164833524 16 10098 10104 370
span 3007532202297072384 16 10152 10162 371
span 629391576983635348 16 10174 10229 372
span 18227282408790169447 16 10187 10229 372
span 449669792651146648 16 10178 10184 372
span 4050575748684344852 16 10232 10242 373
span 16774746440653658351 16 10254 10309 374
span 10109399926471273999 16 10267 10309 374
span 3070794399946962689 16 10258 10264 374
span 4350797571398414646 16 10312 10322 375
span 11431376443117584727 16 10334 10389 376
span 16725393586114073690 16 10347 10389 376
span 2712065283184058852 16 10338 10344 376
span 13462607151706472881 16 10392 10402 377
span 12308392818127031168 16 10414 10469 378
span 8755406259896077615 16 10427 10469 378
span 3553410617570175090 16 10418 10424 378
span 7436137494993762336 16 10472 10482 379
span 8268961057022321989 16 10494 10549 380
span 5293189057784996157 16 10507 10549 380
span 10973991403132888916 16 10498 10504 380
span 9643527575066190967 16 10552 10562 381
span 6667204570969573962 16 10574 10629 382
span 5956496981779233786 16 10587 10629 382
span 13654323294365905089 16 10578 10584 382
span 10417438476812855620 16 10632 10642 383
span 17321815827133057041 16 10654 10710 384
span 14793909988288834188 16 10668 10710 384
span 11293026818623969180 16 10658 10665 384
span 10028436992276165372 16 10713 10723 385
span 10936233848282334526 16 10736 10793 386
span 2267480913576541594 16 10750 10793 386
span 12399345604954796271 16 10740 10747 386
span 15091301793426156376 16 10796 10806 387
span 4991856644153064660 16 10819 10876 388
span 13156511043175616674 16 10833 10876 388
span 6593834885515630476 16 10823 10830 388
span 2671717653902009305 16 10879 10890 389
span 18362474927408476703 16 10903 10960 390
span 15253103497569578072 16 10917 10960 390
span 7643680943319477075 16 10907 10914 390
span 1981341551588349097 16 10963 10974 391
span 11096692974064108254 16 10987 11044 392
span 11361027786257974434 16 11001 11044 392
span 616130758548402945 16 10991 10998 392
span 2225179575149099567 16 11047 11058 393
span 1763154296342928269 16 11071 11128 394
span 4395273264606637009 16 11085 11128 394
span 17190032229082897857 16 11075 11082 394
span 3402478768179807685 16 11131 11142 395
span 12015033603871604549 16 11155 11212 396
span 3822657164110541537 16 11169 11212 396
span 1691529736803203334 16 11159 11166 396
span 4294734169531281338 16 11215 11226 397
span 10466434317305349420 16 11239 11296 398
span 629162019917082821 16 11253 11296 398
span 7667752892888633910 16 11243 11250 398
span 2781600796110892860 16 11299 11310 399
span 3972865164098568411 16 11323 11380 400
span 8721258801904986069 16 11337 11380 400
span 5620818735790615409 16 11327 11334 400
span 10591425261261538907 16 11383 11394 401
span 16952776380669941933 16 11407 11464 402
span 377521988083302966 16 11421 11464 402
span 9103226739180087163 16 11411 11418 402
span 16760549520460643862 16 11467 11478 403
span 6531161600642951250 16 11491 11548 404
span 13687236110266960983 16 11505 11548 404
span 1563989130945168989 16 11495 11502 404
span 17114145854703298821 16 11551 11562 405
span 9554063498614092493 16 11575 11632 406
span 6729282155350191001 16 11589 11632 406
span 12419051053903393135 16 11579 11586 406
span 9177297231581348454 16 11635 11646 407
span 791257235445830211 16 11659 11716 408
span 2531987371731152990 16 11673 11716 408
span 14287068218191098661 16 11663 11670 408
span 13154680771946137226 16 11719 11730 409
span 15885520436607531688 16 11743 11800 410
span 1742766338272365975 16 11757 11800 410
span 7589511506314539967 16 11747 11754 410
span 13960936585413377610 16 11803 11814 411
span 9125205351878589274 16 11827 11884 412
span 9171347757975405179 16 11841 11884 412
span 7352025542537437889 16 11831 11838 412
span 11155638770902652680 16 11887 11898 413
span 5523905306621816822 16 11911 11968 414
span 5531990967613294379 16 11925 11968 414
span 14047489541937351374 16 11915 11922 414
span 8119554202542567104 16 11971 11982 415
span 5376948992961198636 16 11995 12052 416
span 5166436191023881699 16 12009 12052 416
span 16465358849296944113 16 11999 12006 416
span 9649099220908362458 16 12055 12066 417
span 12862486675749937044 16 12079 12136 418
span 11342728329170060778 16 12093 12136 418
span 1262245709537188992 16 12083 12090 418
span 17422466251349418978 16 12139 12150 419
span 11957759028184304015 16 12163 12220 420
span 17944619406798025430 16 12177 12220 420
span 2083928718703482255 16 12167 12174 420
span 2864603900047304922 16 12223 12234 421
span 5713339949825070831 16 12247 12304 422
span 4711327785122509818 16 12261 12304 422
span 17129170345293423768 16 12251 12258 422
span 4177856667216134938 16 12307 12318 423
span 1463677683273765654 16 12331 12388 424
span 11598751101869989860 16 12345 12388 424
span 16615109848964534454 16 12335 12342 424
span 18342908467360488024 16 12391 12402 425
span 4525654454049441129 16 12415 12472 426
span 11542569777114274545 16 12429 12472 426
span 337224759002460340 16 12419 12426 426
span 848087134434173378 16 12475 12486 427
span 12303052674832425192 16 12499 12571 428
span 9468810223633769768 16 12513 12571 428
span 1721655332676854630 16 12503 12510 428
span 17752371561101777257 16 12574 22782 429
span 13558472909078076020 16 12628 12686 430
span 8789621307323390329 16 12653 12659 431
span 684618508815433430 16 12691 12751 433
span 12478832903634564694 16 12718 12724 434
span 14241530615962517776 16 12756 12816 436
span 16768274718878011530 16 12783 12789 437
span 3830384265407626339 16 12821 12881 439
span 1723289743442686483 16 12848 12854 440
span 4465255353619953958 16 12886 12946 442
span 8171295670392866507 16 12913 12919 443
span 15298218241385303347 16 12951 13011 445
span 1515981503966533492 16 12978 12984 446
span 2875825741012574673 16 13016 13076 448
span 11543404110104326958 16 13043 13049 449
span 12946178970126226138 16 13081 13141 451
span 17476044131172223599 16 13108 13114 452
span 9291195382922417127 16 13146 13206 454
span 4947122380043748055 16 13173 13179 455
span 3861530190500202762 16 13211 13271 457
span 6031848012592127107 16 13238 13244 458
span 9196446672612734246 16 13276 13337 460
span 15757316094448613755 16 13303 13310 461
span 1612258488569501650 16 13342 13404 463
span 15440421089026445089 16 13370 13377 464
span 2348331590608747016 16 13409 13471 466
span 8316876356596010648 16 13437 13444 467
span 13845521585233200141 16 13476 13538 469
span 5839894462378225624 16 13504 13511 470
span 2999761001185570631 16 13543 13605 472
span 5736339171735852991 16 13571 13578 473
span 13045407778932718655 16 13610 13672 475
span 5817591996606585472 16 13638 13645 476
span 791537334084870574 16 13677 13739 478
span 8352669408903878183 16 13705 13712 479
span 96725266971602656 16 13744 13806 481
span 1644346218985947860 16 13772 13779 482
span 16938574923496916623 16 13811 13873 484
span 9959119781536018963 16 13839 13846 485
span 5839659972516939995 16 13878 13940 487
span 6460571449582537679 16 13906 13913 488
span 12788010406444518615 16 13945 14007 490
span 580449596993119850 16 13973 13980 491
span 4666027944541869634 16 14012 14074 493
span 6125543376848908317 16 14040 14047 494
span 11728688605439591062 16 14079 14141 496
span 6660436435418713800 16 14107 14114 497
span 5807350546605097807 16 14146 14208 499
span 1010971731815619546 16 14174 14181 500
span 5099169942023391708 16 14213 14275 502
span 11916455280732424237 16 14241 14248 503
span 15629760082214742326 16 14280 14342 505
span 16156536575285554754 16 14308 14315 506
span 17800031314465584319 16 14347 14409 508
span 8784232092631637924 16 14375 14382 509
span 11552445940644821207 16 14414 14476 511
span 9303402095174153270 16 14442 14449 512
span 6262620676843184814 16 14481 14543 514
span 16238622781362906600 16 14509 14516 515
span 6577852361634016062 16 14548 14610 517
span 11008527641991254757 16 14576 14583 518
span 9967495440593229727 16 14615 14677 520
span 5858933388198238127 16 14643 14650 521
span 7026053469975878110 16 14682 14751 523
span 17153290924780160504 16 14717 14724 524
span 860062796017387324 16 14767 15006 527
span 13790609819514527873 16 14809 14815 528
span 7798310125244495819 16 14863 14915 531
span 6212212458237592616 16 14873 14915 531
span 15629942858499242869 16 14863 14870 531
span 15591336051011327672 16 14922 15000 532
span 13916920141304062897 16 14965 14971 533
span 3135711914050714348 16 15011 15252 536
span 11539384211556347945 16 15055 15061 537
span 11929371932037879845 16 15109 15161 540
span 12090801198871353380 16 15119 15161 540
span 1385022384685133625 16 15109 15116 540
span 14608853128133554210 16 15168 15246 541
span 12307559521356389247 16 15211 15217 542
span 14587208935615220353 16 15257 15498 545
span 10046392809945300180 16 15301 15307 546
span 13823068777208477885 16 15355 15407 549
span 1819293453079904350 16 15365 15407 549
span 9900135105888942467 16 15355 15362 549
span 17099917960253890294 16 15414 15492 550
span 13623691716197705961 16 15457 15463 551
span 15283635943934403807 16 15503 15744 554
span 10906897143377973478 16 15547 15553 555
span 1505681093121867675 16 15601 15653 558
span 6331588001198840066 16 15611 15653 558
span 16955953150101260505 16 15601 15608 558
span 8329422017588003428 16 15660 15738 559
span 17623015706969718618 16 15703 15709 560
span 3630018891255439429 16 15749 15990 563
span 14231264242320816632 16 15793 15799 564
span 14244464533079276658 16 15847 15899 567
span 3583174379689294113 16 15857 15899 567
span 3067838900260494852 16 15847 15854 567
span 16595746711607491819 16 15906 15984 568
span 3011114181109382698 16 15949 15955 569
span 12965940488898226962 16 15995 16236 572
span 2050398767902435607 16 16039 16045 573
span 972847787716552426 16 16093 16145 576
span 2294616600336449155 16 16103 16145 576
span 12142563278970627274 16 16093 16100 576
span 8688147947386675480 16 16152 16230 577
span 15464354672201190430 16 16195 16201 578
span 1165016180275123744 16 16241 16482 581
span 7588486042392238819 16 16285 16291 582
span 18127371357152339525 16 16339 16391 585
span 13367832001101692517 16 16349 16391 585
span 13450244857798690121 16 16339 16346 585
span 3280393750945912536 16 16398 16476 586
span 12949593677346777990 16 16441 16447 587
span 1197261530622093408 16 16487 16728 590
span 14217298450664251240 16 16531 16537 591
span 5236570713769464046 16 16585 16637 594
span 17601182391516261492 16 16595 16637 594
span 13350221905322422447 16 16585 16592 594
span 11562869881998511371 16 16644 16722 595
span 11104432168919016060 16 16687 16693 596
span 18193958862054045130 16 16733 16974 599
span 2532345793694826574 16 16777 16783 600
span 16803563084502156227 16 16831 16883 603
span 10248405012501804305 16 16841 16883 603
span 4365213325634631084 16 16831 16838 603
span 14468787756996704244 16 16890 16968 604
span 16261684844270652434 16 16933 16939 605
span 3421365903063871167 16 16979 17220 608
span 3508115131360947530 16 17023 17029 609
span 8295864331841764716 16 17077 17129 612
span 7001836754384779662 16 17087 17129 612
span 11178798373960779815 16 17077 17084 612
span 7576843393036197181 16 17136 17214 613
span 9886172463776934549 16 17179 17185 614
span 11553695388677149787 16 17225 17469 617
span 13395588594309416493 16 17269 17276 618
span 1689516626324043706 16 17324 17377 621
span 9245989893075672963 16 17334 17377 621
span 219925818542607293 16 17324 17331 621
span 3179091353867977727 16 17384 17463 622
span 17063837008062074974 16 17427 17434 623
span 18117376879816689586 16 17474 17719 626
span 5542746278991215477 16 17519 17526 627
span 5592858453202883332 16 17574 17627 630
span 15136992299925074749 16 17584 17627 630
span 7572021262289827238 16 17574 17581 630
span 9324797863923903022 16 17634 17713 631
span 13971194756372648849 16 17677 17684 632
span 7185425417634412161 16 17724 17969 635
span 12683233925077932916 16 17769 17776 636
span 15417749770054923983 16 17824 17877 639
span 14019175071961298709 16 17834 17877 639
span 7211404654638246831 16 17824 17831 639
span 11527648603459501055 16 17884 17963 640
span 14631340340999806906 16 17927 17934 641
span 14621632981092649987 16 17974 18219 644
span 14140782706602456833 16 18019 18026 645
span 2849464141987837140 16 18074 18127 648
span 4617213519139476893 16 18084 18127 648
span 12006401098829122467 16 18074 18081 648
span 15594027564187002400 16 18134 18213 649
span 3405337745256844354 16 18177 18184 650
span 12646033754018943632 16 18224 18469 653
span 13724914267643223521 16 18269 18276 654
span 3560301065422147820 16 18324 18377 657
span 14981376771799562824 16 18334 18377 657
span 13423962037732067043 16 18324 18331 657
span 14168984213976373594 16 18384 18463 658
span 7215697026075249417 16 18427 18434 659
span 3384483189777886848 16 18474 18719 662
span 15252567317721077245 16 18519 18526 663
span 3874997777038572195 16 18574 18627 666
span 13700645674895105183 16 18584 18627 666
span 4433895545741358774 16 18574 18581 666
span 5881682881384881876 16 18634 18713 667
span 7685939112623461781 16 18677 18684 668
span 9842841079181242523 16 18724 18969 671
span 8338739341024142949 16 18769 18776 672
span 16245827908582301045 16 18824 18877 675
span 7985466635744795717 16 18834 18877 675
span 13045969849998873589 16 18824 18831 675
span 16936884828259300470 16 18884 18963 676
span 15805736833026608444 16 18927 18934 677
span 7950484322285775377 16 18974 19219 680
span 16484323953731193343 16 19019 19026 681
span 7356981283533995865 16 19074 19127 684
span 7530824748127409075 16 19084 19127 684
span 6652706941661807840 16 19074 19081 684
span 4900542769052770030 16 19134 19213 685
span 4666642686257410285 16 19177 19184 686
span 17740141127801212527 16 19224 19469 689
span 14894328485560852369 16 19269 19276 690
span 16143482189060012193 16 19324 19377 693
span 5266801938620054950 16 19334 19377 693
span 5169247440847067748 16 19324 19331 693
span 17187722176015185008 16 19384 19463 694
span 16711341213843297063 16 19427 19434 695
span 14524114880705373931 16 19474 19719 698
span 482109789273373022 16 19519 19526 699
span 17788378061352957506 16 19574 19627 702
span 13567332852408769734 16 19584 19627 702
span 7215162432979890814 16 19574 19581 702
span 6119534392579638370 16 19634 19713 703
span 12653323778771913567 16 19677 19684 704
span 2115413117165476649 16 19724 19969 707
span 696881374336073851 16 19769 19776 708
span 17850197768941007773 16 19824 19877 711
span 14794303604582168126 16 19834 19877 711
span 5324128793670031326 16 19824 19831 711
span 6296813979444991855 16 19884 19963 712
span 4237865136793818300 16 19927 19934 713
span 16194571486022134866 16 19974 20219 716
span 15415352673399478039 16 20019 20026 717
span 16439047977887997830 16 20074 20127 720
span 16906398120276890230 16 20084 20127 720
span 379339453074583238 16 20074 20081 720
span 13655935897505773016 16 20134 20213 721
span 7092101919509247263 16 20177 20184 722
span 3057735594114283846 16 20224 20469 725
span 9713281025148885709 16 20269 20276 726
span 12131781522907322335 16 20324 20377 729
span 7044567223306686639 16 20334 20377 729
span 3063101300588844120 16 20324 20331 729
span 5995532780394880319 16 20384 20463 730
span 15912651065852932572 16 20427 20434 731
span 15012697963640250593 16 20474 20719 734
span 4057383102488111773 16 20519 20526 735
span 197700045516128077 16 20574 20627 738
span 1725636793601561453 16 20584 20627 738
span 652538306103481349 16 20574 20581 738
span 15070552115570189762 16 20634 20713 739
span 18132738073668310296 16 20677 20684 740
span 992449494564642203 16 20724 20969 743
span 6304436717444024003 16 20769 20776 744
span 5986979847160726428 16 20824 20877 747
span 1557727830408095257 16 20834 20877 747
span 11203222404532771844 16 20824 20831 747
span 6195820455521442777 16 20884 20963 748
span 13913292967864418042 16 20927 20934 749
span 4273664237212397039 16 20974 21219 752
span 4766079962284298487 16 21019 21026 753
span 10797080006917690506 16 21074 21127 756
span 198691649251016406 16 21084 21127 756
span 33888616338283941 16 21074 21081 756
span 2349840529855626013 16 21134 21213 757
span 474883873449461723 16 21177 21184 758
span 2767204289732494648 16 21224 21469 761
span 3622428521966934888 16 21269 21276 762
span 5266564000574734280 16 21324 21377 765
span 10168256100656865413 16 21334 21377 765
span 13511899808450929851 16 21324 21331 765
span 11767401839785844370 16 21384 21463 766
span 14402579706052442852 16 21427 21434 767
span 11369687505114465688 16 21474 21719 770
span 7125261998310777619 16 21519 21526 771
span 11855823691752617844 16 21574 21627 774
span 13168384636858513463 16 21584 21627 774
span 5437925787285637921 16 21574 21581 774
span 14579011184733713541 16 21634 21713 775
span 5037409672463478069 16 21677 21684 776
span 11268362627930080604 16 21724 21969 779
span 17257359823594032099 16 21769 21776 780
span 8192296719541272033 16 21824 21877 783
span 17682897695056991768 16 21834 21877 783
span 13765117088812157401 16 21824 21831 783
span 5279917829818900463 16 21884 21963 784
span 16046896982881048830 16 21927 21934 785
span 7765731534948440461 16 21974 22219 788
span 8612503291319609584 16 22019 22026 789
span 7344984644805213657 16 22074 22127 792
span 9961068818855990774 16 22084 22127 792
span 16863391457821323087 16 22074 22081 792
span 18221605569277775449 16 22134 22213 793
span 4151934935036472716 16 22177 22184 794
span 3515981491041901436 16 22224 22469 797
span 7420382152850979183 16 22269 22276 798
span 1725260935387173619 16 22324 22377 801
span 9790933555785712077 16 22334 22377 801
span 4324424871212517579 16 22324 22331 801
span 13121815897201884899 16 22384 22463 802
span 3711247430675279970 16 22427 22434 803
span 11481924559924505936 16 22479 22532 807
span 10778847198995689306 16 22489 22532 807
span 3073261233300140485 16 22479 22486 807
span 8847201740406077772 16 22537 22778 808
span 7969476819588321907 16 22578 22585 809
span 7548785800098796403 16 22633 22686 812
span 234324795062451453 16 22643 22686 812
span 6223084050032381113 16 22633 22640 812
span 11201037310789696955 16 22693 22772 813
span 11353228797921239619 16 22736 22743 814
span 13197339079073562812 16 22785 22803 818
span 5542028421851030885 16 22818 22836 819
span 16709552392052094232 16 22853 22871 820
span 10562909401370943859 16 22888 22906 821
