hhds_srcmap 1
file 0 ./dino_prp2/ImmediateGenerator.prp
filehash 0 3781954684664952540
filelines 0 15 0 102 146 253 1246 2239 3265 4257 5332 6326 7269 7934 8600 8623 8625
file 1 ./dino_prp2/StageReg_4.prp
filehash 1 11134653093066362173
filelines 1 68 0 697 714 731 748 775 802 828 854 882 912 946 976 1004 1031 1061 1079 1105 1132 1158 1187 1220 1245 1270 1299 1326 1355 1381 1392 1397 1437 1499 1561 1621 1644 1661 1667 1672 1716 1780 1810 1833 1850 1856 1861 1903 1937 2013 2081 2104 2121 2127 2159 2227 2289 2293 2337 2383 2427 2477 2535 2577 2619 2669 2715 2765 2809 2811
file 2 ./dino_prp2/StageReg.prp
filehash 2 16723292877472109532
filelines 2 28 0 216 233 259 276 297 315 339 359 374 385 408 434 451 464 489 533 559 567 573 578 655 698 702 742 774 796 798
file 3 ./dino_prp2/PipelinedDualIssueCPU.prp
filehash 3 17979340170295442937
filelines 3 358 0 30 81 123 213 291 366 432 516 591 636 690 744 795 846 897 948 949 1346 1364 1409 1444 1483 1528 1563 1602 1622 1644 1666 1688 1730 1763 1805 1838 1878 1918 1931 1975 2019 2070 2112 2155 2176 2227 2269 2312 2333 2378 2432 2477 2531 2581 2631 2675 2728 2778 2828 2872 2925 2970 3024 3069 3123 3174 3212 3263 3301 3304 3307 3310 3313 3316 3319 3322 3325 3328 3331 3334 3337 3340 3343 3346 3349 3352 3355 3358 3361 3364 3367 3370 3373 3376 3379 3382 3385 3388 3391 3394 3397 3440 3483 3523 3544 3564 3611 3658 3679 3700 3721 3742 3763 3785 3806 3828 3850 3902 3975 4048 4101 4154 4158 4210 4244 4297 4350 4354 4388 4745 4828 4911 5596 6203 6810 6921 6967 7078 7124 7459 7515 7850 7906 9002 9083 9164 10108 10344 10413 10688 10757 11148 11217 11608 11677 12351 12434 12517 12606 12691 13365 13448 13531 13620 13705 14029 14120 14444 14535 14760 14825 14892 14963 15188 15253 15320 15391 15618 15703 15794 16021 16106 16126 16178 16269 16292 16334 16388 16392 16459 16486 16528 16597 16601 16657 16682 16724 16782 16786 16856 16885 16927 16999 17003 17064 17092 17134 17197 17201 17265 17294 17336 17402 17406 17477 17506 17548 17621 17625 17650 17699 17704 17750 17796 17844 17890 17938 17984 18023 18069 18108 18154 18172 18218 18236 18247 18265 18269 18318 18323 18371 18417 18467 18513 18563 18609 18650 18696 18737 18783 18803 18849 18869 18880 18900 18904 18953 18958 19006 19052 19072 19118 19168 19214 19264 19310 19351 19397 19438 19484 19504 19515 19535 19539 19588 19593 19641 19687 19707 19753 19803 19849 19899 19945 19986 20032 20073 20119 20139 20150 20170 20174 20192 20203 20214 20251 20258 20265 20272 20415 20434 20447 20490 20506 20514 20534 20568 20576 20582 20586 20716 20795 20945 21062 21195 21228 21267 21317 21363 21367 21446 21596 21713 21846 21902 21941 21981 22039 22043 22211 22320 22431 22601 22734 22877 23206 23252 23310 23361 23365 23466 23842 23909 23984 24045 24104 24150 24221 24279 24330 24334 24435 24804 24871 24946 25007 25066 25137 25200 25202
file 4 ./dino_prp2/StageReg_8.prp
filehash 4 7817049667420168279
filelines 4 21 0 249 266 294 321 351 369 396 425 451 462 467 541 573 641 703 707 753 803 847 849
file 5 ./dino_prp2/Control.prp
filehash 5 17549580833692210164
filelines 5 80 0 216 237 258 279 300 321 340 369 398 426 454 481 508 536 564 592 619 647 668 689 710 761 789 840 868 918 948 999 1027 1078 1107 1158 1187 1238 1267 1319 1348 1400 1429 1481 1511 1563 1614 1738 1769 1820 1873 1945 1997 2041 2130 2230 2402 2423 2439 2443 2519 2588 2657 2732 2799 2872 2892 2922 2938 2942 3138 3203 3227 3346 3377 3393 3397 3466 3487 3705 3757 3874 3876
file 6 ./dino_prp2/ALU.prp
filehash 6 3976432345047998552
filelines 6 89 0 98 115 133 151 168 185 202 232 262 291 321 351 381 398 415 432 449 466 486 561 671 745 809 890 963 1003 1008 1046 1083 1088 1143 1170 1207 1255 1260 1834 1857 1894 1943 1948 2598 2621 2658 2707 2712 3318 3341 3378 3416 3453 3491 3528 3576 3581 4186 4209 4246 4295 4300 4911 4934 4971 4976 5057 5084 5122 5174 5212 5217 5299 5326 5364 5369 5425 5452 5490 5495 5552 5580 5618 5623 5680 5708 5719 5737 5741 5765 5767
file 7 ./dino_prp2/ALUControl.prp
filehash 7 2432089495623656380
filelines 7 39 0 137 154 171 188 205 222 242 271 276 324 329 410 415 517 522 545 571 610 636 654 680 698 724 742 768 773 862 867 967 990 1016 1034 1045 1063 1067 1135 1159 1161
file 8 ./dino_prp2/DualIssueForwardingUnit.prp
filehash 8 5651259125202624367
filelines 8 53 0 400 470 526 596 652 721 777 846 902 980 1072 1166 1260 1290 1361 1418 1489 1546 1616 1673 1743 1800 1881 1976 2072 2168 2198 2269 2326 2397 2454 2524 2581 2651 2708 2845 2941 3037 3067 3138 3195 3266 3323 3393 3450 3520 3577 3714 3810 3906 3936 3938
file 9 ./dino_prp2/DualIssueNextPC.prp
filehash 9 751804293209648847
filelines 9 27 0 204 223 273 331 381 439 489 572 622 706 756 814 865 924 1058 1174 1276 1409 1525 1612 1697 1719 1772 1847 1868 1870
file 10 ./dino_prp2/StageReg_6.prp
filehash 10 7233361211095308102
filelines 10 51 0 354 371 388 405 422 446 474 495 514 540 561 579 601 625 645 671 690 708 719 724 794 799 841 868 891 908 914 919 954 985 1008 1025 1031 1036 1076 1100 1146 1169 1186 1192 1221 1271 1275 1311 1351 1383 1427 1457 1485 1487
file 11 ./dino_prp2/DualIssueHazardUnit.prp
filehash 11 13351310534348974039
filelines 11 23 0 403 422 453 480 549 620 691 762 833 904 975 1046 1117 1256 1316 1357 1408 1448 1484 1524 1556 1558
file 12 ./dino_prp2/StageReg_10.prp
filehash 12 9203297993606745511
filelines 12 18 0 214 237 261 287 305 327 351 372 383 419 459 493 497 533 573 607 609
file 13 ./dino_prp2/DualIssueIssueUnit.prp
filehash 13 1660029794748255713
filelines 13 75 0 182 203 222 253 284 315 345 375 406 436 459 490 521 543 565 592 651 682 741 772 830 861 920 952 1011 1043 1103 1135 1194 1226 1286 1345 1374 1434 1494 1527 1589 1622 1679 1737 1795 1854 1913 1971 2029 2086 2144 2202 2260 2318 2377 2436 2494 2552 2610 2684 2758 2820 3502 3624 3733 3772 3794 3827 3867 3871 3886 3912 3970 4011 4015 4041 4104 4106
file 14 ./dino_prp2/StageReg_12.prp
filehash 14 12288936143647853869
filelines 14 14 0 183 210 240 258 287 313 324 374 418 422 472 516 518
file 15 ./dino_prp2/StageReg_2.prp
filehash 15 3687491674727045555
filelines 15 57 0 344 361 378 395 412 429 446 472 494 518 542 563 581 605 625 640 662 684 704 715 720 783 788 828 848 871 888 894 899 935 964 987 1004 1010 1015 1053 1078 1101 1118 1124 1129 1167 1194 1217 1234 1240 1290 1317 1321 1361 1393 1415 1451 1487 1519 1521
file 16 ./dino_prp2/DualIssueRegisterFile.prp
filehash 16 15549089919572060334
filelines 16 823 0 403 424 446 468 490 512 534 556 578 600 622 644 665 687 709 731 753 775 797 819 841 863 885 906 927 948 969 990 1011 1032 1053 1072 1090 1108 1126 1144 1162 1180 1198 1216 1234 1252 1270 1288 1306 1324 1342 1360 1378 1396 1414 1432 1450 1468 1486 1504 1522 1540 1558 1576 1594 1612 1630 1648 1666 1686 1708 1730 1752 1769 1786 1803 1820 1837 1854 1871 1888 1905 1922 1940 1958 1976 1994 2012 2030 2048 2066 2084 2102 2120 2138 2156 2174 2192 2210 2228 2246 2264 2282 2300 2318 2355 2360 2383 2417 2440 2474 2497 2531 2554 2588 2611 2645 2668 2702 2725 2759 2782 2816 2839 2873 2896 2931 2955 2990 3014 3049 3073 3108 3132 3167 3191 3226 3250 3285 3309 3344 3368 3403 3427 3462 3486 3521 3545 3580 3604 3639 3663 3698 3722 3757 3781 3816 3840 3875 3899 3934 3958 3993 4017 4052 4076 4111 4135 4146 4170 4174 4211 4216 4241 4275 4300 4334 4359 4393 4418 4452 4477 4511 4536 4570 4595 4629 4654 4688 4713 4747 4772 4807 4833 4868 4894 4929 4955 4990 5016 5051 5077 5112 5138 5173 5199 5234 5260 5295 5321 5356 5382 5417 5443 5478 5504 5539 5565 5600 5626 5661 5687 5722 5748 5783 5809 5844 5870 5905 5931 5966 5992 6027 6053 6064 6090 6094 6131 6136 6161 6195 6220 6254 6279 6313 6338 6372 6397 6431 6456 6490 6515 6549 6574 6608 6633 6667 6692 6727 6753 6788 6814 6849 6875 6910 6936 6971 6997 7032 7058 7093 7119 7154 7180 7215 7241 7276 7302 7337 7363 7398 7424 7459 7485 7520 7546 7581 7607 7642 7668 7703 7729 7764 7790 7825 7851 7886 7912 7947 7973 7984 8010 8014 8051 8056 8081 8115 8140 8174 8199 8233 8258 8292 8317 8351 8376 8410 8435 8469 8494 8528 8553 8587 8612 8647 8673 8708 8734 8769 8795 8830 8856 8891 8917 8952 8978 9013 9039 9074 9100 9135 9161 9196 9222 9257 9283 9318 9344 9379 9405 9440 9466 9501 9527 9562 9588 9623 9649 9684 9710 9745 9771 9806 9832 9867 9893 9904 9930 9934 9992 10012 10070 10092 10150 10172 10230 10252 10310 10332 10390 10412 10470 10492 10550 10572 10630 10652 10711 10734 10794 10817 10877 10901 10961 10985 11045 11069 11129 11153 11213 11237 11297 11321 11381 11405 11465 11489 11549 11573 11633 11657 11717 11741 11801 11825 11885 11909 11969 11993 12053 12077 12137 12161 12221 12245 12305 12329 12389 12413 12473 12497 12572 12624 12647 12681 12687 12712 12746 12752 12777 12811 12817 12842 12876 12882 12907 12941 12947 12972 13006 13012 13037 13071 13077 13102 13136 13142 13167 13201 13207 13232 13266 13272 13297 13332 13338 13364 13399 13405 13431 13466 13472 13498 13533 13539 13565 13600 13606 13632 13667 13673 13699 13734 13740 13766 13801 13807 13833 13868 13874 13900 13935 13941 13967 14002 14008 14034 14069 14075 14101 14136 14142 14168 14203 14209 14235 14270 14276 14302 14337 14343 14369 14404 14410 14436 14471 14477 14503 14538 14544 14570 14605 14611 14637 14672 14678 14711 14746 14752 14763 14803 14837 14850 14857 14916 14957 14993 15001 15007 15049 15083 15096 15103 15162 15203 15239 15247 15253 15295 15329 15342 15349 15408 15449 15485 15493 15499 15541 15575 15588 15595 15654 15695 15731 15739 15745 15787 15821 15834 15841 15900 15941 15977 15985 15991 16033 16067 16080 16087 16146 16187 16223 16231 16237 16279 16313 16326 16333 16392 16433 16469 16477 16483 16525 16559 16572 16579 16638 16679 16715 16723 16729 16771 16805 16818 16825 16884 16925 16961 16969 16975 17017 17051 17064 17071 17130 17171 17207 17215 17221 17263 17298 17311 17318 17378 17419 17456 17464 17470 17513 17548 17561 17568 17628 17669 17706 17714 17720 17763 17798 17811 17818 17878 17919 17956 17964 17970 18013 18048 18061 18068 18128 18169 18206 18214 18220 18263 18298 18311 18318 18378 18419 18456 18464 18470 18513 18548 18561 18568 18628 18669 18706 18714 18720 18763 18798 18811 18818 18878 18919 18956 18964 18970 19013 19048 19061 19068 19128 19169 19206 19214 19220 19263 19298 19311 19318 19378 19419 19456 19464 19470 19513 19548 19561 19568 19628 19669 19706 19714 19720 19763 19798 19811 19818 19878 19919 19956 19964 19970 20013 20048 20061 20068 20128 20169 20206 20214 20220 20263 20298 20311 20318 20378 20419 20456 20464 20470 20513 20548 20561 20568 20628 20669 20706 20714 20720 20763 20798 20811 20818 20878 20919 20956 20964 20970 21013 21048 21061 21068 21128 21169 21206 21214 21220 21263 21298 21311 21318 21378 21419 21456 21464 21470 21513 21548 21561 21568 21628 21669 21706 21714 21720 21763 21798 21811 21818 21878 21919 21956 21964 21970 22013 22048 22061 22068 22128 22169 22206 22214 22220 22263 22298 22311 22318 22378 22419 22456 22464 22470 22475 22533 22572 22607 22620 22627 22687 22728 22765 22773 22779 22783 22816 22851 22886 22921 22923
span 5454054572540134869 1 0 2810 1
span 15579984382294066772 1 703 709 2
span 14548640691156717135 1 720 726 3
span 3306996267506181623 1 737 743 4
span 17361018154545387589 1 754 771 5
span 8175839157285621841 1 781 798 6
span 6080547591425099066 1 808 824 7
span 8687455161790880723 1 834 850 8
span 3787897013687471273 1 860 878 9
span 9256344819884875567 1 888 908 10
span 13650143524087715027 1 918 942 11
span 5569301750749738750 1 952 972 12
span 7774497992816278859 1 982 1000 13
span 17528399146632400138 1 1010 1027 14
span 996744299306926694 1 1037 1057 15
span 9817749772217793016 1 1063 2292 16
span 11583021290868585777 1 1083 1100 17
span 16494154773489367309 1 1109 1127 18
span 16758022858063817039 1 1136 1153 19
span 7531075137048498485 1 1162 1182 20
span 13391947330932891212 1 1191 1215 21
span 15954317780104299508 1 1224 1240 22
span 10556320501751312761 1 1249 1265 23
span 18215695555853808106 1 1274 1294 24
span 1184971248271879809 1 1303 1321 25
span 573703302787278239 1 1330 1350 26
span 11787037195091102478 1 1359 1376 27
span 17702789745882811498 1 1401 1436 30
span 1805345495871172535 1 1441 1498 31
span 7426602074672635526 1 1503 1560 32
span 8968690661289392963 1 1565 1620 33
span 16466278183615120097 1 1625 1666 34
span 6070085666884525208 1 1401 1407 30
span 15503485346302768612 1 1441 1458 31
span 9946585133351970803 1 1503 1520 32
span 2435100099693810497 1 1565 1581 33
span 7428250113605147702 1 1650 1656 35
span 3133828849581016961 1 1676 1715 38
span 12734817557053516096 1 1720 1779 39
span 10381054567117993409 1 1814 1855 41
span 10512313932084496778 1 1676 1682 38
span 7899502905739325669 1 1720 1738 39
span 8034176323567596079 1 1784 1800 40
span 13895450695488001771 1 1839 1845 42
span 17012823171855596033 1 1865 1902 45
span 16544397653887180258 1 1941 2012 47
span 14246764866686613786 1 2017 2080 48
span 17476435087155480570 1 2085 2126 49
span 1877578746640500791 1 1865 1871 45
span 8948583403798040299 1 1907 1927 46
span 5719958702625134272 1 1941 1965 47
span 17760309226187429072 1 2017 2037 48
span 6061141283544657347 1 2110 2116 50
span 17582276457799242089 1 2163 2226 53
span 10920044645387302373 1 2231 2288 54
span 7875293230656875875 1 2131 2149 52
span 894467469105386002 1 2163 2183 53
span 1135571795249974592 1 2231 2248 54
span 10606415891674564950 1 2295 2316 56
span 17897232130012790048 1 2339 2361 57
span 15806145646196656198 1 2385 2406 58
span 9216977511219130269 1 2429 2453 59
span 3152811822417971454 1 2479 2507 60
span 914635009660063803 1 2537 2557 61
span 15869025771901908750 1 2579 2599 62
span 11050074888455459819 1 2621 2645 63
span 6216865284956803798 1 2671 2693 64
span 11577453117522665488 1 2717 2741 65
span 16568690091201711945 1 2767 2788 66
span 14702852562916851177 2 0 797 1
span 8425745774053278074 2 222 228 2
span 1627590766239573533 2 239 254 3
span 3201745274347960797 2 265 271 4
span 9874372766301437196 2 282 293 5
span 4171538521490431518 2 299 701 6
span 3830385227212855381 2 319 334 7
span 17578396072706715079 2 343 354 8
span 12576482439930951071 2 363 369 9
span 9163008663981269143 2 389 572 11
span 10522098536366131610 2 414 429 12
span 5338213850550925942 2 440 446 13
span 5644972526031745653 2 470 566 15
span 7770934290190491150 2 497 512 16
span 714546741395934035 2 541 547 17
span 8890945390703248523 2 582 654 21
span 2519840462247368756 2 591 654 21
span 346323295413432766 2 659 697 22
span 12824742667553089670 2 582 588 21
span 11735337024656655150 2 659 670 22
span 16803013949407002678 2 704 723 24
span 4197949253157620521 2 744 759 25
span 5460257948417466705 2 776 786 26
span 707816483988462226 3 949 25201 18
span 16195278375234174283 3 1352 1359 19
span 2817166842383905487 3 1370 1404 20
span 6815977334402266329 3 1415 1439 21
span 15819185335094441262 3 1450 1478 22
span 13479455930278391820 3 1489 1523 23
span 1377699511561015629 3 1534 1558 24
span 275079387830635234 3 1569 1597 25
span 11145256821730817178 3 1608 1617 26
span 10954913914084120959 3 1628 1639 27
span 8526634779274257115 3 1650 1661 28
span 10669114124972931916 3 1672 1683 29
span 15310981443875010502 3 1694 1725 30
span 14972171150458064787 3 1736 1758 31
span 17145494553287586859 3 1769 1800 32
span 4712030388992334911 3 1811 1833 33
span 16033577355961953287 3 1845 1873 34
span 3906724686194544315 3 1885 1913 35
span 7148681687048860874 3 1924 1926 36
span 5684142493170871268 3 1938 1970 37
span 461861293069959795 3 1982 2014 38
span 63566876123213292 3 2026 2066 39
span 17201731579822320383 3 2077 2107 40
span 18134125224186738471 3 2119 2150 41
span 12526762965289181403 3 2161 2167 42
span 7265220249566261481 3 2183 2223 43
span 5404934886445038168 3 2234 2264 44
span 5449973389851711258 3 2276 2307 45
span 12791010284782424800 3 2318 2324 46
span 6993305937326576748 3 2340 2373 47
span 3724115175637723406 3 2385 2428 48
span 3218950692973022228 3 2439 2472 49
span 17930650841868540749 3 2484 2527 50
span 184934866807241474 3 2538 2577 51
span 16975649059628325888 3 2588 2627 52
span 4404263621075610424 3 2638 2670 53
span 4196207719341986264 3 2682 2724 54
span 11308363893920784099 3 2735 2774 55
span 6503807049176484007 3 2785 2824 56
span 169908770749203875 3 2835 2867 57
span 4747879938944707275 3 2879 2921 58
span 3430044870684965761 3 2932 2965 59
span 7021374392403158703 3 2977 3020 60
span 4105761084195113348 3 3031 3064 61
span 6971931403834838540 3 3076 3119 62
span 4073120137424139075 3 3130 3170 63
span 14826432416135675369 3 3181 3208 64
span 4000708152955110815 3 3219 3259 65
span 15740206054584069361 3 3270 3297 66
span 1619303771920759119 3 3404 3435 99
span 17052925250599565128 3 3447 3478 100
span 3860051701462956460 3 3490 3519 101
span 10904410910917330079 3 3529 3535 102
span 6829871696719320670 3 3550 3556 103
span 10288619495688960854 3 3571 3606 104
span 6841719832775820005 3 3618 3653 105
span 2862500165688125042 3 3664 3670 106
span 770832401174067817 3 3685 3692 107
span 15099016749246909811 3 3706 3713 108
span 8493859090035780700 3 3727 3734 109
span 11160351852250542890 3 3748 3755 110
span 17215591065224585727 3 3769 3776 111
span 7483598291414648770 3 3791 3798 112
span 14376818593666434335 3 3812 3819 113
span 11833743484041010343 3 3834 3841 114
span 9768345591543675689 3 3852 3901 115
span 10868332614380726829 3 3852 3858 115
span 2967879308292846384 3 3904 3974 116
span 6169063834825546262 3 3904 3935 116
span 10976790623792874278 3 3977 4047 117
span 10579540809509362777 3 3977 4008 117
span 7942228929809101931 3 4050 4157 118
span 14580760061955283441 3 4105 4153 119
span 13005498662832344270 3 4105 4111 119
span 13386656907239211535 3 4160 4209 121
span 16978818624783312314 3 4160 4166 121
span 14131281479989033364 3 4212 4234 122
span 2672406683919829134 3 4246 4353 123
span 11153383073511970151 3 4301 4349 124
span 14137341681304299157 3 4301 4307 124
span 8895426662539898227 3 4356 4378 126
span 2341114681881978511 3 4635 4744 127
span 13057358994195571158 3 4390 4744 127
span 3784057639107802308 3 4395 4415 127
span 3470238703901589111 3 4448 4472 127
span 11727244449520182356 3 4509 4533 127
span 7675019241890638960 3 4570 4595 127
span 9992666820711378814 3 4747 4827 128
span 2460804616511023643 3 4760 4827 128
span 11764735351261501236 3 4751 4757 128
span 16782807493286256059 3 4830 4910 129
span 5402696724261216145 3 4843 4910 129
span 15824670449161828595 3 4834 4840 129
span 3203119144731001120 3 4913 5595 130
span 3219650336344909078 3 4929 5595 130
span 18061192980210662945 3 4917 4926 130
span 3561441861409002187 3 5598 6202 131
span 18211458195276754235 3 6119 6202 131
span 4920584543472825175 3 5603 5626 131
span 15517534709504826719 3 5647 5670 131
span 4389668434240988649 3 5691 5713 131
span 7816138536304221896 3 5733 5755 131
span 1973946253228013811 3 5775 5799 131
span 2737018994963689938 3 5821 5847 131
span 15794593565100347932 3 5871 5901 131
span 14883375323335084120 3 5929 5952 131
span 14299655889483773638 3 5973 5996 131
span 11394641198311744674 3 6017 6043 131
span 4889910536771833144 3 6067 6093 131
span 8076095935627954524 3 6205 6809 132
span 15114906346378693862 3 6726 6809 132
span 4898001953437447938 3 6210 6233 132
span 10946430011863914601 3 6254 6277 132
span 7728800744597487126 3 6298 6320 132
span 13783247902187940418 3 6340 6362 132
span 9507801066985150003 3 6382 6406 132
span 11849342724578934750 3 6428 6454 132
span 16517088324917001947 3 6478 6508 132
span 9534656130438219813 3 6536 6559 132
span 7468443469249732577 3 6580 6603 132
span 11978958033312497650 3 6624 6650 132
span 3162245680474934340 3 6674 6700 132
span 8391223836883843141 3 6831 6920 133
span 6525577033503683038 3 6816 6828 133
span 8654075937260890401 3 6923 6951 134
span 5843000811774487802 3 6988 7077 135
span 11478180419829063657 3 6973 6985 135
span 14744415876214086 3 7080 7108 136
span 18411007019634545865 3 7126 7458 137
span 13589827189048329600 3 7149 7458 137
span 2625307340968624498 3 7130 7146 137
span 16055220079449845553 3 7461 7495 138
span 10687429782968605263 3 7517 7849 139
span 13597554781820106325 3 7540 7849 139
span 2818896908674734529 3 7521 7537 139
span 15980084171227888383 3 7852 7886 140
span 8969419388446122685 3 7908 9001 141
span 8090671533566162594 3 8215 9001 141
span 7392226914507195838 3 7913 7942 141
span 9324793103300587111 3 7988 8017 141
span 5275005114207538536 3 8063 8092 141
span 16466155000233667057 3 8138 8167 141
span 1632059781675848823 3 9004 9082 142
span 12467221601663708861 3 9017 9082 142
span 6681822062301447096 3 9008 9014 142
span 8374381469576592990 3 9085 9163 143
span 12860964937600359080 3 9098 9163 143
span 4815187250908878225 3 9089 9095 143
span 15328064627963540835 3 9166 10107 144
span 9866545408709403719 3 9533 10107 144
span 14804444762405088078 3 9171 9193 144
span 17273398017750530563 3 9232 9250 144
span 11200001060882078727 3 9285 9307 144
span 6637896061867699013 3 9346 9368 144
span 7093653431630707569 3 9407 9430 144
span 10576062135832555799 3 9470 9492 144
span 2055692099085798770 3 10110 10343 145
span 609014678172692844 3 10128 10343 145
span 18385392079931661752 3 10114 10125 145
span 11986096011850079216 3 10346 10412 146
span 9975593544104175313 3 10415 10687 147
span 1522782162141757597 3 10346 10378 146
span 1496491102867222564 3 10433 10687 147
span 10690437814227238559 3 10419 10430 147
span 9920157380412028241 3 10690 10756 148
span 8640985088352037872 3 10690 10722 148
span 16998397430889670296 3 10759 11147 149
span 10064030654113682575 3 10777 11147 149
span 17566962663034098362 3 10763 10774 149
span 5700647227677428173 3 11150 11216 150
span 5644862294035095915 3 11150 11182 150
span 6983808075108814005 3 11219 11607 151
span 8488492091061922512 3 11237 11607 151
span 18256352195929609761 3 11223 11234 151
span 17479118817591091376 3 11610 11676 152
span 3475036729436306840 3 11610 11642 152
span 16460215383985003470 3 11702 12350 153
span 4479339859975910433 3 11683 11699 153
span 559162667844810624 3 12353 12433 154
span 1319462561831115719 3 12353 12392 154
span 7159790509226599618 3 12436 12516 155
span 9821901542143363041 3 12436 12475 155
span 1125003144084841674 3 12519 12605 156
span 9724452516369607358 3 12519 12561 156
span 17017956121365598667 3 12608 12690 157
span 6929529153240728411 3 12608 12648 157
span 2993419605399964836 3 12716 13364 158
span 659011615740213173 3 12697 12713 158
span 6349215976346260940 3 13367 13447 159
span 13729027668620542287 3 13367 13406 159
span 15659013177780596359 3 13450 13530 160
span 5047306991803383784 3 13450 13489 160
span 3323885911483603336 3 13533 13619 161
span 13257904377784568918 3 13533 13575 161
span 421792106024365037 3 13622 13704 162
span 7342919525028283371 3 13622 13662 162
span 6021498177113470816 3 13707 14028 163
span 3010716638048929909 3 13731 14028 163
span 5103529660138849833 3 13711 13728 163
span 16403351271740236591 3 14031 14119 164
span 7333797860163325660 3 14031 14074 164
span 6324885511592346985 3 14122 14443 165
span 7789284139782383530 3 14146 14443 165
span 11499576019734516381 3 14126 14143 165
span 5980277495510532791 3 14446 14534 166
span 10182568583083811115 3 14446 14489 166
span 4689435649361653893 3 14556 14759 167
span 16561366757654895302 3 14541 14553 167
span 5005533973856764045 3 14762 14824 168
span 5053273891936086059 3 14762 14792 168
span 11679606584607340618 3 14827 14891 169
span 7079303693724680189 3 14827 14858 169
span 238492092768375303 3 14894 14962 170
span 8395461320496137954 3 14894 14927 170
span 9483950011811691399 3 14984 15187 171
span 170683915181059572 3 14969 14981 171
span 18062470132159087625 3 15190 15252 172
span 12322425891451464698 3 15190 15220 172
span 6304756244651234038 3 15255 15319 173
span 13910049160273946238 3 15255 15286 173
span 13389588409285305920 3 15322 15390 174
span 10327229186240906228 3 15322 15355 174
span 15861982494950398003 3 15393 15617 175
span 3058105226449711543 3 15417 15617 175
span 16933767161589075225 3 15397 15414 175
span 17163767271411370768 3 15620 15702 176
span 289773211937913488 3 15620 15660 176
span 8738793498485140566 3 15705 15793 177
span 13357853875131616752 3 15705 15748 177
span 6152409308224096912 3 15796 16020 178
span 4396966888138891917 3 15820 16020 178
span 17320577117263251318 3 15800 15817 178
span 18347464616642785758 3 16023 16105 179
span 621378763971378145 3 16108 16121 180
span 10838198136170136568 3 16128 16177 181
span 9606253391778641189 3 16128 16134 181
span 13076749792101082731 3 16023 16063 179
span 3129015635081361762 3 16180 16268 182
span 1593565610577930614 3 16294 16391 184
span 15312575501973158898 3 16180 16223 182
span 11718871504777609465 3 16271 16286 183
span 15987701792731656527 3 16338 16387 185
span 10807843024732107160 3 16338 16344 185
span 8949026505357827986 3 16394 16458 187
span 4258587377466304723 3 16394 16400 187
span 8938952605258997811 3 16488 16600 189
span 15346651985112328853 3 16461 16476 188
span 15085627669448043409 3 16532 16596 190
span 7529024807796414635 3 16532 16538 190
span 16703771502562760239 3 16603 16656 192
span 11398152069417201229 3 16603 16609 192
span 13977079355718615462 3 16684 16785 194
span 4979495943166633011 3 16659 16672 193
span 12218980392587304726 3 16728 16781 195
span 1123342410707754888 3 16728 16734 195
span 11453012666743147395 3 16788 16855 197
span 16668973159301581539 3 16788 16795 197
span 1521244334099789923 3 16887 17002 199
span 5681437237493686477 3 16858 16875 198
span 9915105739780876023 3 16931 16998 200
span 972309983191415702 3 16931 16938 200
span 8060638219318467999 3 17005 17063 202
span 17105958511863206481 3 17005 17012 202
span 6736883828132318370 3 17094 17200 204
span 1596520863279173805 3 17066 17081 203
span 3277299711139922421 3 17138 17196 205
span 5814220331375143453 3 17138 17145 205
span 5155062472598690846 3 17203 17264 207
span 6465698689304485313 3 17203 17210 207
span 8862680738203038576 3 17296 17405 209
span 8518629009061237872 3 17267 17283 208
span 4317687369818560317 3 17340 17401 210
span 14591071242486550905 3 17340 17347 210
span 8758802014875740181 3 17408 17476 212
span 14681563933683291140 3 17408 17415 212
span 12781744271700933855 3 17508 17624 214
span 11781581243237282162 3 17479 17495 213
span 13488243099273407040 3 17552 17620 215
span 15211934663626074101 3 17552 17559 215
span 17667786724558822077 3 17652 18268 218
span 2878386284605759773 3 17627 17639 217
span 17933531392321394867 3 17708 17749 220
span 9964039971205803596 3 17708 17717 220
span 3212545034638818773 3 17800 17809 222
span 11400682746770822147 3 17894 17903 224
span 8655788687911165591 3 17988 17997 226
span 10078379684405792855 3 18073 18082 228
span 8384651924921523175 3 18158 18167 230
span 7766357226268495255 3 18222 18231 232
span 1170852731141854150 3 18251 18260 234
span 16918217355111189797 3 18271 18903 236
span 5004642123201290367 3 18327 18370 238
span 5736722769968558868 3 18327 18338 238
span 15380723688074935480 3 18421 18432 240
span 8260704583556631947 3 18517 18528 242
span 3013115910301468888 3 18613 18624 244
span 3899925022667807181 3 18700 18711 246
span 5989667475918364516 3 18787 18798 248
span 1287885363571588979 3 18853 18864 250
span 15228244881738950833 3 18884 18895 252
span 6801289994577565580 3 18906 19538 254
span 7076060872361095779 3 18962 19005 256
span 14949638783146722957 3 18962 18973 256
span 9092288079106244285 3 19056 19067 258
span 3071605608055632903 3 19122 19133 260
span 12191383745549365073 3 19218 19229 262
span 17950362687354377957 3 19314 19325 264
span 16540725102221961780 3 19401 19412 266
span 17083069611513998602 3 19488 19499 268
span 8871913435219627137 3 19519 19530 270
span 8307649920466318858 3 19541 20173 272
span 10017216681141509110 3 19597 19640 274
span 12944079564144598137 3 19597 19608 274
span 9181237114960371763 3 19691 19702 276
span 9647072349956198841 3 19757 19768 278
span 17944914107699855649 3 19853 19864 280
span 8391197237102824948 3 19949 19960 282
span 17386754486415637153 3 20036 20047 284
span 5350960542120920439 3 20123 20134 286
span 12138810369155621022 3 20154 20165 288
span 2423363694636849305 3 20176 20585 290
span 17705036824458399142 3 20196 20198 291
span 5656109718452409923 3 20218 20581 293
span 7789497457137460339 3 20278 20414 297
span 9711104154664420608 3 20288 20414 297
span 6195613485615291531 3 20278 20285 297
span 5069598631165767163 3 20421 20423 298
span 13129638051592067274 3 20453 20489 300
span 2032906944099022451 3 20459 20463 300
span 14036278419472349929 3 20496 20513 301
span 7215681429244697358 3 20520 20575 303
span 9669188864286191742 3 20542 20544 304
span 11992509914588384687 3 20588 20715 308
span 5853505196190651046 3 20606 20715 308
span 15884533367550945877 3 20592 20599 308
span 10214402403651880080 3 20718 20794 309
span 8881445140437449947 3 20732 20794 309
span 15906851926909328882 3 20722 20729 309
span 16017977445523410299 3 20797 20944 310
span 8690326336268189394 3 20815 20944 310
span 2311199434390058067 3 20801 20808 310
span 15580477199136852513 3 20947 21061 311
span 48964217814054816 3 20965 21061 311
span 6509568348207533441 3 20951 20958 311
span 11995808309104893922 3 21080 21194 312
span 1932769771835706331 3 21068 21077 312
span 6558042520503972569 3 21197 21227 313
span 13804627263290484454 3 21197 21204 313
span 13696087103101523733 3 21230 21254 314
span 10816321307963671173 3 21269 21366 315
span 12909427297991715427 3 21321 21362 316
span 12692803728520509231 3 21321 21328 316
span 4109091717731387481 3 21369 21445 318
span 9597786796143998652 3 21383 21445 318
span 5913448653782502317 3 21373 21380 318
span 5457459108875606383 3 21448 21595 319
span 13515670411973066050 3 21466 21595 319
span 15440769740808150844 3 21452 21459 319
span 7762161302419766105 3 21598 21712 320
span 6439747282201989506 3 21616 21712 320
span 6743597962098071512 3 21602 21609 320
span 7963736986849002293 3 21731 21845 321
span 14103864574698312116 3 21719 21728 321
span 17671137552646246525 3 21848 21901 322
span 1308565157261512228 3 21848 21855 322
span 2881358095327781829 3 21904 21928 323
span 10693706750614186103 3 21943 22042 324
span 13491799953460480347 3 21985 22038 325
span 16556411767937869394 3 21985 21992 325
span 10815139953020490935 3 22045 22210 327
span 18391019174181904977 3 22062 22210 327
span 12098224799950855496 3 22049 22056 327
span 8083671130016596910 3 22213 22319 328
span 6595967991391195403 3 22231 22319 328
span 18168614898991420823 3 22217 22224 328
span 3480684197037650377 3 22322 22430 329
span 7208369714727964883 3 22340 22430 329
span 8375973344041524156 3 22326 22333 329
span 16666465361732521544 3 22433 22600 330
span 17861208123344472081 3 22450 22600 330
span 4617954392752449014 3 22437 22444 330
span 8661852990260537746 3 22603 22733 331
span 14363905387745025871 3 22621 22733 331
span 16732577413838089111 3 22607 22614 331
span 10664393142601413685 3 22736 22876 332
span 10525007325247198661 3 22754 22876 332
span 16030413086286854345 3 22740 22747 332
span 7728777946463372321 3 22879 23205 333
span 11077430419757024527 3 22984 23205 333
span 6516955511547749914 3 22884 22904 333
span 6566754469927411180 3 22934 22953 333
span 9156284664054366967 3 23208 23251 334
span 2290721847374352131 3 23208 23215 334
span 14900495467736855773 3 23254 23364 335
span 11194029460342188991 3 23314 23360 336
span 6455085115098017431 3 23314 23321 336
span 2786265973318102751 3 23367 23465 338
span 16685881024097763660 3 23385 23465 338
span 14111418720049412239 3 23371 23378 338
span 15957547719183884730 3 23468 23841 339
span 14832073478320146422 3 23487 23841 339
span 4324142136938243464 3 23472 23484 339
span 5331687120461066554 3 23844 23908 340
span 9985480614977948743 3 23844 23875 340
span 6268128498305976264 3 23911 23983 341
span 7851426817016237714 3 23911 23946 341
span 16149785868413628495 3 23986 24044 342
span 7672265851430343703 3 23986 24014 342
span 8946821434179070926 3 24047 24103 343
span 4207617086873619474 3 24106 24149 344
span 11781096930366757805 3 24106 24113 344
span 9419817792897164698 3 24047 24074 343
span 9041520715894447139 3 24152 24220 345
span 9293965374633004841 3 24152 24185 345
span 12178985778560926509 3 24223 24333 346
span 9784886657764903146 3 24283 24329 347
span 17622779583725772943 3 24283 24290 347
span 3748506568858896529 3 24336 24434 349
span 9634805624876973443 3 24354 24434 349
span 10299340152764419198 3 24340 24347 349
span 16581502406571551577 3 24437 24803 350
span 9622946179907484699 3 24456 24803 350
span 15208370472145907564 3 24441 24453 350
span 2871404935846468819 3 24806 24870 351
span 2505491800212751005 3 24806 24837 351
span 7249984035596633609 3 24873 24945 352
span 1291562253499740635 3 24873 24908 352
span 7361145055001377645 3 24948 25006 353
span 18234735612784395893 3 24948 24976 353
span 4569312823780546263 3 25009 25065 354
span 577429595545066438 3 25009 25036 354
span 7343826653400519035 3 25068 25136 355
span 8798910624335065907 3 25068 25101 355
span 6651003465716733297 3 25139 25199 356
span 2383262599378269707 3 25139 25168 356
span 10321634149372213543 4 0 848 1
span 16458850877644309966 4 255 261 2
span 6625918859509121732 4 272 290 3
span 822433929267794214 4 300 317 4
span 13976781649238061262 4 327 347 5
span 10885918448560670326 4 353 706 6
span 11285195940885390973 4 373 391 7
span 3604389657451533855 4 400 420 8
span 15648092131263780926 4 429 446 9
span 6752951490569263034 4 471 540 12
span 13697381354510185284 4 480 540 12
span 9549317131870190590 4 471 477 12
span 15722123731847869368 4 577 640 14
span 8141941051482947691 4 645 702 15
span 14561357032062374450 4 545 563 13
span 2249721590532409483 4 577 597 14
span 5544086388498895273 4 645 662 15
span 6236193561984261441 4 709 731 17
span 14913352130360152890 4 755 779 18
span 10994971900072330009 4 805 826 19
span 14889613380937672151 5 0 3875 1
span 15747236337471863078 5 222 232 2
span 9257224228018326752 5 243 253 3
span 4915030499121715927 5 264 274 4
span 7605403137368950226 5 285 295 5
span 17449910087112899155 5 306 316 6
span 11991034779593971272 5 327 335 7
span 6447591014542509429 5 346 364 8
span 13266404465575705941 5 375 393 9
span 3137740122140014081 5 404 421 10
span 6920372994807737300 5 432 449 11
span 14975107596181509746 5 460 476 12
span 10343722015829272284 5 487 503 13
span 8929941793287648534 5 514 531 14
span 14121680833409734354 5 542 559 15
span 8035209171428781888 5 570 587 16
span 9920389539833813965 5 598 614 17
span 11879136637870226163 5 625 642 18
span 15216292844591522103 5 653 660 19
span 10848019113516136371 5 674 681 20
span 3859006845805291215 5 695 702 21
span 9277678871206869729 5 712 760 22
span 11101267410228436249 5 725 760 22
span 16557197691744903140 5 716 722 22
span 11187148439758702677 5 763 779 23
span 5090807156204225826 5 791 839 24
span 13373645007896404822 5 804 839 24
span 10808280069963627651 5 795 801 24
span 6084982889571102622 5 842 858 25
span 4354563386475821986 5 870 917 26
span 5951013452927714598 5 883 917 26
span 645067578083557155 5 874 880 26
span 13461297166461420060 5 920 938 27
span 16741542343618352520 5 950 998 28
span 8404508672072814086 5 963 998 28
span 13093924812918565057 5 954 960 28
span 13416566697655250864 5 1001 1017 29
span 1783381576256371611 5 1029 1077 30
span 9223857465247022994 5 1042 1077 30
span 7197193050937305512 5 1033 1039 30
span 16957864518131616982 5 1080 1097 31
span 3385580705380393678 5 1109 1157 32
span 5426098276823982265 5 1122 1157 32
span 1168269119553826427 5 1113 1119 32
span 5251441665985514955 5 1160 1177 33
span 15331163813642404153 5 1189 1237 34
span 13575527757928559189 5 1202 1237 34
span 14464433017351287006 5 1193 1199 34
span 16107133582921300213 5 1240 1257 35
span 11113466836130266321 5 1269 1318 36
span 8122031246418016313 5 1282 1318 36
span 8386783138950331195 5 1273 1279 36
span 17141626645095804530 5 1321 1338 37
span 695598009129087337 5 1350 1399 38
span 8679008461527480641 5 1363 1399 38
span 6422784065208117814 5 1354 1360 38
span 4797229584025343185 5 1402 1419 39
span 6259773497154314284 5 1431 1480 40
span 9269668491741622647 5 1445 1480 40
span 9764439186939707684 5 1435 1442 40
span 12973455068057355921 5 1483 1500 41
span 11800963139798708922 5 1513 1562 42
span 12228104166972326879 5 1527 1562 42
span 2360731067308870550 5 1517 1524 42
span 4367876466925272218 5 1565 1613 43
span 11816757476427187037 5 1565 1573 43
span 7837015441817459515 5 1616 1737 44
span 17787863578557706719 5 1616 1626 44
span 7808323331791657577 5 1740 1758 45
span 10538529325490320615 5 1771 1819 46
span 16414852921605218897 5 1771 1781 46
span 4360539686694099587 5 1822 1872 47
span 193206094515520771 5 1822 1832 47
span 10116810276947402059 5 1875 1944 48
span 3714977580675528586 5 1875 1885 48
span 17710282873347809190 5 1947 1996 49
span 7184172265644793021 5 1947 1957 49
span 16673463657418818134 5 1999 2040 50
span 15574034941808382269 5 1999 2006 50
span 5675921557063186420 5 2043 2129 51
span 4696283685727199347 5 2132 2229 52
span 4356901907666723551 5 2232 2401 53
span 10212805220043395174 5 2404 2442 54
span 13232741386715011242 5 2043 2051 51
span 10905308299583794973 5 2132 2140 52
span 3053877134425970899 5 2232 2239 53
span 13007525935672953056 5 2427 2434 55
span 7673869762076347096 5 2445 2518 57
span 3339877127626671916 5 2462 2518 57
span 16022545885676147125 5 2449 2456 57
span 9846522094584402014 5 2521 2587 58
span 3345613276205418119 5 2538 2587 58
span 15666509193270561435 5 2525 2532 58
span 7291038354719531314 5 2590 2656 59
span 12215053494296898782 5 2607 2656 59
span 14194310049481466884 5 2594 2601 59
span 746412726187489689 5 2659 2731 60
span 6948370689915993779 5 2676 2731 60
span 11285501523864602981 5 2663 2670 60
span 1111755720458870519 5 2734 2798 61
span 11649681009623205342 5 2734 2741 61
span 15737804775955637413 5 2801 2871 62
span 12894250024754663356 5 2894 2941 64
span 10140162052319814653 5 2801 2810 62
span 12705723445562498041 5 2874 2881 63
span 14083363894499411615 5 2926 2933 65
span 3087692002067440927 5 2944 3137 67
span 7554195644265567065 5 2961 3137 67
span 7347579579671535523 5 2948 2955 67
span 8940839593924101938 5 3140 3202 68
span 8787237639138295891 5 3140 3147 68
span 11954405960871501263 5 3229 3345 70
span 7794809245081036339 5 3348 3396 71
span 16753460031699133295 5 3205 3216 69
span 1562971612034119731 5 3229 3244 70
span 9270274784133677719 5 3381 3388 72
span 1136866413387843042 5 3399 3465 74
span 512106186066263019 5 3416 3465 74
span 16569741399925753541 5 3403 3410 74
span 16888618119448955964 5 3489 3704 76
span 1246702374787873655 5 3707 3756 77
span 8663555698477138349 5 3759 3873 78
span 10791303787761356876 5 3468 3476 75
span 4090417034476521758 5 3489 3500 76
span 9267159710832025199 5 3707 3715 77
span 17592182334334566372 5 3759 3770 78
span 4347546319017018758 6 0 5766 1
span 12147976366809611532 6 104 110 2
span 14083677752045797824 6 121 128 3
span 9302106014733006672 6 139 146 4
span 13337916344838133690 6 157 163 5
span 4385774857040545772 6 174 180 6
span 13001793042325524256 6 191 197 7
span 13783582557685971864 6 208 227 8
span 1457872288402276223 6 238 257 9
span 6703735350410108220 6 268 286 10
span 16523705942296660347 6 297 316 11
span 9315123973409206558 6 327 346 12
span 14961388829162432884 6 357 376 13
span 2443302471203614986 6 387 393 14
span 8806335707550012828 6 404 410 15
span 18263154110049930924 6 421 427 16
span 11204421335380325816 6 438 444 17
span 17066396903142196771 6 455 461 18
span 11234321049380852734 6 472 481 19
span 4015762900222385162 6 488 560 20
span 6292626062634757427 6 488 507 20
span 9436116468818265531 6 563 670 21
span 18002527574075191814 6 563 582 21
span 3882161634417723071 6 673 744 22
span 13858444393219694891 6 673 691 22
span 11619052793591012372 6 747 808 23
span 6054864972483779015 6 747 766 23
span 10449228946279472086 6 811 889 24
span 11245396301894919259 6 811 830 24
span 4163485485115146727 6 892 962 25
span 6046301663171438532 6 892 911 25
span 11751788932245444855 6 965 5740 26
span 10549085167744338215 6 1012 1045 28
span 8023561098451385689 6 1012 1021 28
span 4168035205521112731 6 1092 1142 31
span 14307371323063026577 6 1101 1142 31
span 2137121997251430514 6 1092 1098 31
span 17762193952947993323 6 1147 1169 32
span 1212312790018049164 6 1147 1156 32
span 5419569603795887890 6 1211 1254 34
span 3895592466833112323 6 1217 1220 34
span 12117989128692246412 6 1264 1833 36
span 2915740602596923035 6 1273 1833 36
span 8429330407513572081 6 1264 1270 36
span 10234845616047124430 6 1838 1847 37
span 12174664004346071577 6 1898 1942 39
span 10209874812217153780 6 1904 1908 39
span 5692247042675764705 6 1952 2597 41
span 3318885987718116449 6 1961 2597 41
span 4806973579868643809 6 1952 1958 41
span 17483649458424979525 6 2602 2611 42
span 1413335724775487764 6 2662 2706 44
span 4886988804489237243 6 2668 2672 44
span 1260198868086152683 6 2716 3317 46
span 16213746251689379313 6 2725 3317 46
span 6168928223516541432 6 2716 2722 46
span 4262530798250759443 6 3322 3331 47
span 10443052432899649379 6 3382 3415 49
span 3272224864762003571 6 3382 3391 49
span 2860195787405737258 6 3457 3490 51
span 13899591319444938502 6 3457 3466 51
span 7724135193633073595 6 3532 3575 53
span 11043686885812805889 6 3538 3542 53
span 12090073246272332409 6 3585 4185 55
span 447400859569211150 6 3594 4185 55
span 11787141721939462862 6 3585 3591 55
span 15759220302173558830 6 4190 4199 56
span 8362101630265903994 6 4250 4294 58
span 6798220351627733713 6 4256 4260 58
span 4600818215800419890 6 4304 4910 60
span 14517901822130352356 6 4313 4910 60
span 11831992322105237777 6 4304 4310 60
span 17956578482346834520 6 4915 4924 61
span 13559757111067281287 6 4980 5056 64
span 18145663934111018369 6 4989 5056 64
span 13627390224820916679 6 4980 4986 64
span 8134742217037261384 6 5061 5083 65
span 16959287046350733529 6 5061 5070 65
span 13975571734063052785 6 5126 5173 67
span 15557588010185834290 6 5126 5135 67
span 9548769490449872841 6 5221 5298 70
span 10725996804562193098 6 5230 5298 70
span 13447305657373438138 6 5221 5227 70
span 13217090003127169810 6 5303 5325 71
span 9739291027087982470 6 5303 5312 71
span 365372884543647435 6 5373 5424 74
span 4863307369573571524 6 5382 5424 74
span 16454681459568555707 6 5373 5379 74
span 12594924633542812669 6 5429 5451 75
span 8455829970040521294 6 5429 5438 75
span 14462636177398397161 6 5499 5551 78
span 3363610256585764156 6 5509 5551 78
span 14530757054417870855 6 5499 5506 78
span 18416974250626619658 6 5556 5579 79
span 13794677315564558654 6 5556 5565 79
span 9357860937185876236 6 5627 5679 82
span 1936009672572406982 6 5637 5679 82
span 4290005610432993067 6 5627 5634 82
span 7795901263955075413 6 5684 5707 83
span 4423920824963488024 6 5684 5693 83
span 4092969656570370481 6 5723 5732 85
span 6822116285146355554 6 5743 5752 87
span 1377241081587236478 7 0 1160 1
span 18374293948566036230 7 143 149 2
span 2483446035358808889 7 160 166 3
span 4403090575003646880 7 177 183 4
span 7075330896538561187 7 194 200 5
span 17679186163555065656 7 211 217 6
span 9201748729331831477 7 228 237 7
span 4707188652673460965 7 244 1066 8
span 6946593306758109674 7 280 323 10
span 14380817961970952403 7 289 323 10
span 6740455955555564511 7 333 409 12
span 9379762798540420873 7 280 286 10
span 13569960027516640792 7 342 409 12
span 9282117545456716070 7 419 516 14
span 6176094911824135953 7 333 339 12
span 9422521503561811455 7 428 516 14
span 10111739461290341795 7 419 425 14
span 13049357820702548019 7 526 535 16
span 4149861546331053526 7 575 609 18
span 15473987360470974964 7 575 584 18
span 6339453475865357040 7 640 649 20
span 18038973265176964537 7 684 693 22
span 13111740469104186687 7 728 737 24
span 8836531544692278463 7 777 861 27
span 984397846383036789 7 786 861 27
span 16984048939378720504 7 871 966 29
span 6565006405270401007 7 777 783 27
span 13556373863341242063 7 880 966 29
span 4595370863226038412 7 871 877 29
span 7358472886961497376 7 971 980 30
span 16806040624157989125 7 1020 1029 32
span 3382448380657956385 7 1049 1058 34
span 7216153337752813125 7 1069 1134 36
span 16122676666839389281 7 1085 1134 36
span 3976181500595060753 7 1073 1079 36
span 17392196003541025466 7 1137 1149 37
span 16042177228064883454 8 0 3937 1
span 4031832394934388822 8 402 469 2
span 11777036075421294666 8 415 469 2
span 3424344472715412960 8 406 412 2
span 15583425290593045954 8 472 525 3
span 11018220994046580541 8 485 525 3
span 7083115188593856601 8 476 482 3
span 5925757416254310287 8 528 595 4
span 3377324173676883485 8 541 595 4
span 3869967907190239229 8 532 538 4
span 1231568996187396914 8 598 651 5
span 14816978791435230529 8 611 651 5
span 4443223678817297092 8 602 608 5
span 16128127626370602067 8 654 720 6
span 9541323281051026197 8 667 720 6
span 16651488983899378648 8 658 664 6
span 12128648541242815871 8 723 776 7
span 6101905799868969800 8 736 776 7
span 10925549145032406954 8 727 733 7
span 18410427993789763705 8 779 845 8
span 3510060155247317120 8 792 845 8
span 12662845739437788592 8 783 789 8
span 2388120925275903885 8 848 901 9
span 8742540021734423576 8 861 901 9
span 8372431450238311350 8 852 858 9
span 733531531599385058 8 904 979 10
span 2797273655958034081 8 920 979 10
span 4920667241162842904 8 908 914 10
span 7089261239152424777 8 982 1071 11
span 4677257143967058509 8 999 1071 11
span 12458794900510332963 8 986 993 11
span 6821264790051021749 8 1074 1165 12
span 6909950415695568824 8 1091 1165 12
span 2129318561560158834 8 1078 1085 12
span 13959595346615475047 8 1168 1259 13
span 16934161665874086200 8 1185 1259 13
span 8517880131911832923 8 1172 1179 13
span 4665768593936132950 8 1292 1360 15
span 17896962222327895052 8 1262 1279 14
span 9795146248998943817 8 1306 1360 15
span 3188097131112066708 8 1296 1303 15
span 8740445552239123189 8 1363 1417 16
span 4176717093519970386 8 1377 1417 16
span 17396891252733611518 8 1367 1374 16
span 927031041310417860 8 1420 1488 17
span 10736390768838570258 8 1434 1488 17
span 184281077459799723 8 1424 1431 17
span 9117630583669807588 8 1491 1545 18
span 4575180045772276152 8 1505 1545 18
span 13050298231419089324 8 1495 1502 18
span 6560640388209651585 8 1548 1615 19
span 11815215997236261905 8 1562 1615 19
span 3429777548478216992 8 1552 1559 19
span 572216285299959134 8 1618 1672 20
span 8488691385144832626 8 1632 1672 20
span 890716745339043837 8 1622 1629 20
span 800010631517796772 8 1675 1742 21
span 11225000210203117360 8 1689 1742 21
span 4900236958651974413 8 1679 1686 21
span 4046565936652467338 8 1745 1799 22
span 17938875742270108060 8 1759 1799 22
span 14268836525201132012 8 1749 1756 22
span 98216227239154212 8 1802 1880 23
span 15276147664459376468 8 1819 1880 23
span 4000218917404736667 8 1806 1813 23
span 5953250604698970153 8 1883 1975 24
span 12724836483361763040 8 1900 1975 24
span 2500907564092291954 8 1887 1894 24
span 1311815783067179396 8 1978 2071 25
span 10455486061777097107 8 1995 2071 25
span 1553269432694003411 8 1982 1989 25
span 7777998288201164846 8 2074 2167 26
span 17971600770442362246 8 2091 2167 26
span 10807517890763018928 8 2078 2085 26
span 3905088946181067795 8 2200 2268 28
span 5918797730899431678 8 2170 2187 27
span 11705014668881468020 8 2214 2268 28
span 6943706293292603825 8 2204 2211 28
span 9813708734662170118 8 2271 2325 29
span 5910466552427801730 8 2285 2325 29
span 3803512044559200310 8 2275 2282 29
span 14144976556710724242 8 2328 2396 30
span 4836476074755716384 8 2342 2396 30
span 2439070757702247068 8 2332 2339 30
span 6646212617041989210 8 2399 2453 31
span 8128254682558855302 8 2413 2453 31
span 17677997135120936453 8 2403 2410 31
span 6080532329318092287 8 2456 2523 32
span 3371562450156912146 8 2470 2523 32
span 14174622008625087833 8 2460 2467 32
span 14049357621396772595 8 2526 2580 33
span 3332882607885893855 8 2540 2580 33
span 1365970242221993749 8 2530 2537 33
span 15856832331551323212 8 2583 2650 34
span 14135282049561931965 8 2597 2650 34
span 4769486288621336961 8 2587 2594 34
span 17665850500731982072 8 2653 2707 35
span 5803767085323984327 8 2667 2707 35
span 4901366472714737330 8 2657 2664 35
span 16352784507163414098 8 2710 2844 36
span 10182624548643646553 8 2727 2844 36
span 3875554394288006282 8 2714 2721 36
span 8018121833574422089 8 2847 2940 37
span 17961791531360156616 8 2864 2940 37
span 17459728971632851579 8 2851 2858 37
span 396184037205319318 8 2943 3036 38
span 16209896541594326339 8 2960 3036 38
span 866044664985252254 8 2947 2954 38
span 2957273736233716456 8 3069 3137 40
span 389902718599695781 8 3039 3056 39
span 15176538941768251971 8 3083 3137 40
span 14119573537179694189 8 3073 3080 40
span 3872862557942549796 8 3140 3194 41
span 14648511701807454848 8 3154 3194 41
span 1968524979028774740 8 3144 3151 41
span 6148004450757991173 8 3197 3265 42
span 2093061690650702187 8 3211 3265 42
span 672559451706369637 8 3201 3208 42
span 8741394731898731196 8 3268 3322 43
span 4323716676445761747 8 3282 3322 43
span 15186132912821245005 8 3272 3279 43
span 10581980616369701320 8 3325 3392 44
span 12144520951162591307 8 3339 3392 44
span 9411509204133056755 8 3329 3336 44
span 7612580931354118930 8 3395 3449 45
span 8371638305076831412 8 3409 3449 45
span 6369629804209335912 8 3399 3406 45
span 9818220393737848391 8 3452 3519 46
span 15048547879964323788 8 3466 3519 46
span 1995406777619589899 8 3456 3463 46
span 1264112871816517376 8 3522 3576 47
span 15690134585232059778 8 3536 3576 47
span 13095845235092667486 8 3526 3533 47
span 308378029069464365 8 3579 3713 48
span 8407462707647845486 8 3596 3713 48
span 5263831817640823027 8 3583 3590 48
span 14288426399353961492 8 3716 3809 49
span 14397823593910545546 8 3733 3809 49
span 6027214047994752027 8 3720 3727 49
span 13590251717018052663 8 3812 3905 50
span 9258531250536542486 8 3829 3905 50
span 15303064335476311985 8 3816 3823 50
span 8083878845785551897 8 3908 3925 51
span 11892194176556155760 9 0 1869 1
span 13289907701213388079 9 210 218 2
span 2411702096640976725 9 225 272 3
span 318969962209555972 9 238 272 3
span 11828161693755109409 9 229 235 3
span 12386792902959835295 9 275 330 4
span 12806184602633675619 9 288 330 4
span 1275544835819127760 9 279 285 4
span 14130128472133839344 9 333 380 5
span 16685662200175978600 9 346 380 5
span 17429951204973248092 9 337 343 5
span 14081931015546836962 9 383 438 6
span 642240835356018953 9 396 438 6
span 7040729098882102111 9 387 393 6
span 12485955997851582436 9 441 488 7
span 7067202176345173357 9 454 488 7
span 8289258595311287951 9 445 451 7
span 8639332841773231366 9 491 571 8
span 5111983580389246697 9 504 571 8
span 2419467646083487042 9 495 501 8
span 15726151472675929003 9 574 621 9
span 3612387345836547981 9 587 621 9
span 3217231053250421057 9 578 584 9
span 4681353215754859897 9 624 705 10
span 6764816749166450274 9 637 705 10
span 3211972954330632262 9 628 634 10
span 5384516509900195434 9 708 755 11
span 17576070724698827152 9 721 755 11
span 8242916113730417389 9 712 718 11
span 705224108428495205 9 758 813 12
span 2475273633348484389 9 772 813 12
span 6050202971807977602 9 762 769 12
span 3993382978872534649 9 816 864 13
span 5987645601149552517 9 830 864 13
span 4297592099405866781 9 820 827 13
span 16087188012852771208 9 867 923 14
span 14415994051542986455 9 881 923 14
span 1676750690502969353 9 871 878 14
span 17907178412187121951 9 926 1057 15
span 3063591174080245617 9 926 934 15
span 17947514787702179147 9 1060 1173 16
span 9235613052873260473 9 1078 1173 16
span 8506527992412674394 9 1064 1071 16
span 129323011595070354 9 1176 1275 17
span 16666261069912231314 9 1194 1275 17
span 17669417988746285811 9 1180 1187 17
span 8558765253659080799 9 1278 1408 18
span 1085536932219392775 9 1296 1408 18
span 16113526280231315042 9 1282 1289 18
span 10092189834559459188 9 1411 1524 19
span 6966956634669300564 9 1429 1524 19
span 6315953945388230970 9 1415 1422 19
span 12230469295776426754 9 1527 1611 20
span 7682059326028280218 9 1545 1611 20
span 11876895436216490048 9 1531 1538 20
span 12065730155723112682 9 1614 1696 21
span 16475054211791641492 9 1632 1696 21
span 820766873731352406 9 1618 1625 21
span 4121693383678007626 9 1721 1771 23
span 9524047083867086570 9 1699 1708 22
span 10400426855439293821 9 1735 1771 23
span 6970244775224830130 9 1725 1732 23
span 14907082283641277453 9 1774 1846 24
span 17086071270078818955 9 1791 1846 24
span 14021293534635725063 9 1778 1785 24
span 1913428862477365819 9 1849 1857 25
span 11781178441818001044 10 0 1486 1
span 1867935816893331160 10 360 366 2
span 33701747950739057 10 377 383 3
span 5702024838727974579 10 394 400 4
span 9719157956332085494 10 411 417 5
span 17486736622555867053 10 428 441 6
span 13388071997900871237 10 452 469 7
span 2868033503433350802 10 480 490 8
span 2090768118072235818 10 501 510 9
span 17640125800843605855 10 520 535 10
span 7299831007395098297 10 546 557 11
span 4002147864702745114 10 563 1274 12
span 15029475039853496869 10 583 596 13
span 7898339056375639129 10 605 620 14
span 17304140550691246812 10 629 640 15
span 17098268586611709240 10 649 666 16
span 15663573556355415390 10 675 685 17
span 11150757894461643719 10 694 703 18
span 9263502360057687392 10 728 793 21
span 425963702179549605 10 737 793 21
span 2767222723327681710 10 803 840 23
span 4439498828496881675 10 728 734 21
span 10918920106162222073 10 872 913 25
span 10562424690925469872 10 803 809 23
span 15555188577124323552 10 845 858 24
span 8354298205690480912 10 897 903 26
span 18048209510581561210 10 923 953 29
span 14208863753122033490 10 989 1030 31
span 11872794231020195715 10 923 929 29
span 2391282550460480321 10 958 975 30
span 493955370409880906 10 1014 1020 32
span 5160946730678987927 10 1040 1075 35
span 5882961164235921136 10 1104 1145 37
span 11943764234423840350 10 1150 1191 38
span 12323690272261116445 10 1040 1046 35
span 3658492152429540889 10 1080 1090 36
span 9304909781332056642 10 1104 1113 37
span 11606645710444198047 10 1175 1181 39
span 15286810772093021208 10 1225 1270 42
span 18269563952644797114 10 1196 1211 41
span 6604991796660021205 10 1225 1236 42
span 985241867676666915 10 1277 1294 44
span 1158654373773036160 10 1313 1332 45
span 5954277252484941327 10 1353 1368 46
span 7739510906823213397 10 1385 1406 47
span 13276732447543904384 10 1429 1443 48
span 9869534096464354803 10 1459 1472 49
span 10894670272833577754 11 0 1557 1
span 10185274656724568146 11 409 417 2
span 18040989714452131651 11 428 448 3
span 942978577966213680 11 459 475 4
span 13226391129503438677 11 482 548 5
span 11002126345916440499 11 482 502 5
span 7966096109685190737 11 551 619 6
span 203896478638981801 11 564 619 6
span 7023808727860675076 11 555 561 6
span 2632431705175155892 11 622 690 7
span 4087206824548875388 11 635 690 7
span 15474503633993150542 11 626 632 7
span 1150123301245867908 11 693 761 8
span 3371076216911688072 11 706 761 8
span 6852056393240947188 11 697 703 8
span 12705281122472483083 11 764 832 9
span 11629285880407406341 11 777 832 9
span 14386806251003769831 11 768 774 9
span 14893877254731704339 11 835 903 10
span 8712271123605413448 11 848 903 10
span 12422109714878548691 11 839 845 10
span 16178551899564463215 11 906 974 11
span 5553793323063495516 11 919 974 11
span 17117087930154622601 11 910 916 11
span 18009378536362682063 11 977 1045 12
span 12940836803666070731 11 990 1045 12
span 5706583927327929408 11 981 987 12
span 15701985182715940410 11 1048 1116 13
span 11580724784934380931 11 1061 1116 13
span 13595253807927121587 11 1052 1058 13
span 2735827860037897773 11 1119 1255 14
span 16878128293647611610 11 1119 1127 14
span 14131541574069230062 11 1258 1315 15
span 11407057076247209940 11 1258 1274 15
span 17675482908146820311 11 1359 1407 17
span 16376204091183951988 11 1318 1333 16
span 5045698656770505656 11 1359 1373 17
span 11325943056290763412 11 1410 1424 18
span 3805533824425123678 11 1450 1464 19
span 12609722434805175575 11 1486 1500 20
span 15835033127637849439 11 1526 1536 21
span 5286882294418149007 12 0 608 1
span 11964019254168900405 12 220 232 2
span 16345225578989710443 12 243 256 3
span 3226954145534350038 12 267 282 4
span 7662382315897598069 12 289 496 5
span 11673668382350364447 12 309 322 6
span 13150193275057695958 12 331 346 7
span 10955734863597779564 12 355 367 8
span 15697635322016111982 12 387 400 10
span 12562141989234035019 12 423 438 11
span 1120348480857153832 12 463 475 12
span 18079547421504293757 12 499 516 14
span 16496399716724778041 12 535 554 15
span 8955899822202979239 12 575 591 16
span 12355038178060364234 13 0 4105 1
span 4967429628870130927 13 188 198 2
span 1743310666235819856 13 209 217 3
span 17894929696874445235 13 228 248 4
span 2099792729772477216 13 259 279 5
span 9098979975686140973 13 290 310 6
span 18211132584965299117 13 321 340 7
span 14496767476496117745 13 351 370 8
span 4672334513397510325 13 381 401 9
span 14489122245356373805 13 412 431 10
span 3923697688978903003 13 442 454 11
span 17561048079830911882 13 465 485 12
span 4709515302020074416 13 496 516 13
span 9107721069404024482 13 527 534 14
span 13145934623233014251 13 549 556 15
span 318058074312232679 13 567 591 16
span 8585256387121267467 13 567 579 16
span 8198668176665668590 13 594 650 17
span 2482809204169725088 13 607 650 17
span 1981550582445109590 13 598 604 17
span 11474346173012483125 13 653 672 18
span 5749494172856617328 13 684 740 19
span 11298773002135556251 13 697 740 19
span 383966288680703193 13 688 694 19
span 2368513871225957183 13 743 762 20
span 1548821367375624469 13 774 829 21
span 5703649700987594106 13 787 829 21
span 15505739002169824322 13 778 784 21
span 7928206409100158178 13 832 851 22
span 15853853487182567282 13 863 919 23
span 2122269778666431448 13 876 919 23
span 8969944164500416754 13 867 873 23
span 10091669919163034989 13 922 942 24
span 17555365664483456486 13 954 1010 25
span 3950352187938585050 13 967 1010 25
span 4412933487913896779 13 958 964 25
span 14820049299339175877 13 1013 1033 26
span 15592653135372153687 13 1045 1102 27
span 5200162409161360193 13 1058 1102 27
span 16040778302833713030 13 1049 1055 27
span 15575624386672141163 13 1105 1125 28
span 15399669791128686598 13 1137 1193 29
span 7327366242151633574 13 1150 1193 29
span 10385569905211045764 13 1141 1147 29
span 11725068678273709282 13 1196 1216 30
span 3550492966457732770 13 1228 1285 31
span 6221511160317800389 13 1241 1285 31
span 14839816136468136073 13 1232 1238 31
span 10314416939662157439 13 1288 1344 32
span 6240729063679318963 13 1301 1344 32
span 12291268005299533369 13 1292 1298 32
span 681273645874133417 13 1347 1373 33
span 7504024420780077420 13 1347 1355 33
span 8090840005223190499 13 1376 1433 34
span 9617683327159243889 13 1390 1433 34
span 8659368206976630479 13 1380 1387 34
span 18035260856869460134 13 1436 1493 35
span 579183695742910674 13 1450 1493 35
span 17349854531404544218 13 1440 1447 35
span 12656747721971771042 13 1496 1526 36
span 6144741773199504246 13 1496 1506 36
span 4395092566516550746 13 1529 1588 37
span 5445721872684002968 13 1543 1588 37
span 6515272761973372355 13 1533 1540 37
span 16145479152013679108 13 1591 1611 38
span 10668060249005236689 13 1624 1678 39
span 15063804871432332281 13 1638 1678 39
span 12026350137320350975 13 1628 1635 39
span 11987376820831077593 13 1681 1736 40
span 17187011033785313756 13 1695 1736 40
span 8101258602529396613 13 1685 1692 40
span 14359173144320667397 13 1739 1794 41
span 7632906485554738513 13 1753 1794 41
span 10306784332688548674 13 1743 1750 41
span 14352551649512141572 13 1797 1853 42
span 10674347794887388901 13 1811 1853 42
span 7022615131999218826 13 1801 1808 42
span 14472840401750512769 13 1856 1912 43
span 11521520633311083038 13 1870 1912 43
span 1749882558045622237 13 1860 1867 43
span 6292779961002461598 13 1915 1970 44
span 9460089454231021366 13 1929 1970 44
span 12519163569875451197 13 1919 1926 44
span 6026886837190735105 13 1973 2028 45
span 11712871523644456661 13 1987 2028 45
span 15651597933366301717 13 1977 1984 45
span 2172383338925784235 13 2031 2085 46
span 2680367072637071629 13 2045 2085 46
span 4489235680579141621 13 2035 2042 46
span 13155268304535769261 13 2088 2143 47
span 7336646094879109627 13 2102 2143 47
span 7833944696015780981 13 2092 2099 47
span 12377348367937314642 13 2146 2201 48
span 4303037790463517740 13 2160 2201 48
span 15049147993137010763 13 2150 2157 48
span 11350868277619582857 13 2204 2259 49
span 14051281100670727243 13 2218 2259 49
span 1205278803167944183 13 2208 2215 49
span 796276326357713914 13 2262 2317 50
span 2902017901363905118 13 2276 2317 50
span 13529962377684573377 13 2266 2273 50
span 1872146893380255216 13 2320 2376 51
span 4825076596537590330 13 2334 2376 51
span 15023612354561071917 13 2324 2331 51
span 6949000064071682646 13 2379 2435 52
span 14140735780001155902 13 2393 2435 52
span 8113754477337421097 13 2383 2390 52
span 1404629705815016619 13 2438 2493 53
span 6149571174949503575 13 2452 2493 53
span 18170872318833268445 13 2442 2449 53
span 6577182232976893579 13 2496 2551 54
span 11252748352551163107 13 2510 2551 54
span 3274772808013528322 13 2500 2507 54
span 17842045315354909416 13 2554 2609 55
span 11055977633497374125 13 2568 2609 55
span 5733724005304678281 13 2558 2565 55
span 8001064360476740887 13 2612 2683 56
span 9560659647048200484 13 2626 2683 56
span 7338667546256566278 13 2616 2623 56
span 8358371789168628475 13 2686 2757 57
span 11283248816952516096 13 2700 2757 57
span 6850901391910835242 13 2690 2697 57
span 17680233772576125149 13 2760 2819 58
span 4589260224959082440 13 2774 2819 58
span 16747477698480150860 13 2764 2771 58
span 16485490277110710660 13 2822 3501 59
span 11532220176765449078 13 2822 2842 59
span 12187785946408762783 13 3504 3623 60
span 705650504578474180 13 3522 3623 60
span 13977718225728105355 13 3508 3515 60
span 8662879819228875794 13 3626 3732 61
span 14423619092580464706 13 3644 3732 61
span 228570906026732660 13 3630 3637 61
span 7140197918761059605 13 3735 3771 62
span 13549934866031766284 13 3735 3742 62
span 12010819602878008931 13 3796 3870 64
span 9228615643294827358 13 3774 3783 63
span 8751000584965122366 13 3831 3866 65
span 12283829305357020240 13 3831 3838 65
span 8636074731077707403 13 3914 4014 69
span 571548714048062979 13 3888 3901 68
span 8372107193182833889 13 3974 4010 70
span 4535013830562284904 13 3974 3981 70
span 13069603898948683789 13 4043 4103 73
span 6461924474396916373 13 4017 4030 72
span 1350728642957094339 13 4043 4057 73
span 11373389091845071151 14 0 517 1
span 10443096152006468943 14 189 206 2
span 12347146500299717350 14 216 236 3
span 302403277074490083 14 242 421 4
span 7212259691362921953 14 262 282 5
span 9569544164554669778 14 291 308 6
span 3941359168385148711 14 328 348 8
span 5373661086121214010 14 378 395 9
span 16828986018358797972 14 424 448 11
span 6899330455838008711 14 474 495 12
span 3680584903377366057 15 0 1520 1
span 7087904886203780484 15 350 356 2
span 3433357399924033577 15 367 373 3
span 9456438265863159454 15 384 390 4
span 10281032678652390335 15 401 407 5
span 5135126452264225249 15 418 424 6
span 2550288337617655020 15 435 441 7
span 17538509015096271970 15 452 467 8
span 16843570447562399936 15 478 489 9
span 2493376311307025872 15 500 513 10
span 9421273717218773729 15 524 537 11
span 676409478273358274 15 548 559 12
span 7001998985885343402 15 565 1320 13
span 14070833999812708697 15 585 600 14
span 16636572829925185150 15 609 620 15
span 10612577992591383990 15 629 635 16
span 9439756439352689390 15 644 657 17
span 2541624122957985776 15 666 679 18
span 12500601201236997648 15 688 699 19
span 16981855607651310173 15 724 782 22
span 1336218895597077984 15 733 782 22
span 17083900272110450813 15 792 827 24
span 8800080318575973079 15 724 730 22
span 7844301136329891432 15 852 893 26
span 5007933441918892067 15 792 798 24
span 13849207742655604122 15 832 838 25
span 8299371048789817846 15 877 883 27
span 6975697153482870223 15 903 934 30
span 6819313439208739228 15 968 1009 32
span 1440264316081424074 15 903 909 30
span 15149489878315844200 15 939 954 31
span 7459755642359598267 15 993 999 33
span 5856065265531583701 15 1019 1052 36
span 15360124239599167001 15 1082 1123 38
span 4366930774438549814 15 1019 1025 36
span 4257437861810654441 15 1057 1068 37
span 18340281683308049295 15 1107 1113 39
span 1835970640051312574 15 1133 1166 42
span 14714631193575501598 15 1198 1239 44
span 11084193826123729902 15 1133 1139 42
span 13890369010146423808 15 1171 1184 43
span 8157492991551143168 15 1223 1229 45
span 14833035906810199198 15 1244 1289 47
span 10642763913218989089 15 1244 1255 47
span 6977641240456225674 15 1294 1307 48
span 14974888456858993229 15 1323 1342 50
span 6111486484777429509 15 1363 1378 51
span 4849492368761653819 15 1395 1405 52
span 12566275674665421926 15 1417 1434 53
span 2023857908882832223 15 1453 1470 54
span 8244757899109596612 15 1489 1504 55
span 3907647801421573835 16 0 22922 1
span 3327257606946670414 16 409 419 2
span 8688535587272213330 16 430 441 3
span 4766194865213578273 16 452 463 4
span 12547943896521461686 16 474 485 5
span 5335482627779727515 16 496 507 6
span 8732525168899670411 16 518 529 7
span 17080526710465582307 16 540 551 8
span 12255043710749034251 16 562 573 9
span 1336735070656390947 16 584 595 10
span 1017196608547049513 16 606 617 11
span 17785599628124912971 16 628 639 12
span 9633039255425048674 16 650 660 13
span 3012615310763187968 16 671 682 14
span 5913396840819712039 16 693 704 15
span 1904518561366199965 16 715 726 16
span 12117937577056898962 16 737 748 17
span 12477879006009963587 16 759 770 18
span 7016893529192749467 16 781 792 19
span 18197328904449040501 16 803 814 20
span 356312798694496214 16 825 836 21
span 10802627841924306977 16 847 858 22
span 6708509320797351101 16 869 880 23
span 4210941389733432429 16 891 901 24
span 9887862352069417105 16 912 922 25
span 15880443750174445834 16 933 943 26
span 7035824750030944990 16 954 964 27
span 14331254697737725227 16 975 985 28
span 606292834556528999 16 996 1006 29
span 5949529307096592231 16 1017 1027 30
span 11146610601621741183 16 1038 1048 31
span 12097226756636513799 16 1059 1067 32
span 7175555059542062357 16 1078 1085 33
span 3361864011956931437 16 1096 1103 34
span 10067883564663688257 16 1114 1121 35
span 15471893247736053674 16 1132 1139 36
span 12306556365066808759 16 1150 1157 37
span 4590023573713688401 16 1168 1175 38
span 9578706409724452878 16 1186 1193 39
span 11084550065766029629 16 1204 1211 40
span 5479083334833456361 16 1222 1229 41
span 14286119609020236552 16 1240 1247 42
span 15978476757785379657 16 1258 1265 43
span 9253403252589784066 16 1276 1283 44
span 15514729358643309578 16 1294 1301 45
span 11051564409485651143 16 1312 1319 46
span 12131712274329118685 16 1330 1337 47
span 2604634304181817669 16 1348 1355 48
span 4950962504558683120 16 1366 1373 49
span 12800114496741331774 16 1384 1391 50
span 9989658567464674120 16 1402 1409 51
span 1863528306620321502 16 1420 1427 52
span 9161610243941373059 16 1438 1445 53
span 5896443076176366474 16 1456 1463 54
span 14204824860938755932 16 1474 1481 55
span 14541745085166265463 16 1492 1499 56
span 17710180367295280244 16 1510 1517 57
span 9204874803089515558 16 1528 1535 58
span 6801954341509405255 16 1546 1553 59
span 13624050659801839082 16 1564 1571 60
span 1656582008462902697 16 1582 1589 61
span 10697987447995304740 16 1600 1607 62
span 14388778945548743169 16 1618 1625 63
span 939487088438851537 16 1636 1643 64
span 5536081355119783832 16 1654 1661 65
span 8881773224639514461 16 1672 1681 66
span 12572870007401753211 16 1692 1703 67
span 13274271594220955340 16 1714 1725 68
span 16364152276665199982 16 1736 1747 69
span 3133622772093724842 16 1758 1764 70
span 11294379860243736372 16 1775 1781 71
span 9912742253530238866 16 1792 1798 72
span 800737091457124742 16 1809 1815 73
span 10211246048324876184 16 1826 1832 74
span 11580455155772246996 16 1843 1849 75
span 13651210272359430143 16 1860 1866 76
span 5831944439596823307 16 1877 1883 77
span 8894352290250369754 16 1894 1900 78
span 13194584463750764334 16 1911 1917 79
span 11721111966664854623 16 1928 1935 80
span 1814189439799704895 16 1946 1953 81
span 15990084592602647920 16 1964 1971 82
span 6912381654110271084 16 1982 1989 83
span 13925875333355836865 16 2000 2007 84
span 13013869094215602729 16 2018 2025 85
span 1460814038419644470 16 2036 2043 86
span 15412045965803075673 16 2054 2061 87
span 2191282950771822039 16 2072 2079 88
span 564631910705454760 16 2090 2097 89
span 16383059584765105427 16 2108 2115 90
span 8431234408160148616 16 2126 2133 91
span 8988036877005452227 16 2144 2151 92
span 6945314936531237691 16 2162 2169 93
span 6287365932244424508 16 2180 2187 94
span 2623366176063064741 16 2198 2205 95
span 6085627018099902719 16 2216 2223 96
span 12103275224713468699 16 2234 2241 97
span 8347880888441535508 16 2252 2259 98
span 3926430848875529145 16 2270 2277 99
span 12662757711989216816 16 2288 2295 100
span 706986297380687721 16 2306 2313 101
span 10514269849758516524 16 2320 4173 102
span 9477653568559982129 16 2364 2373 104
span 8586067688333578894 16 2421 2430 106
span 7945056897534542851 16 2478 2487 108
span 9166729637657816365 16 2535 2544 110
span 2606498727009581279 16 2592 2601 112
span 352736965890004756 16 2649 2658 114
span 642865561058986262 16 2706 2715 116
span 17918123157568588023 16 2763 2772 118
span 1855722877904892195 16 2820 2829 120
span 82258348024657940 16 2877 2886 122
span 4182634056053027966 16 2935 2944 124
span 7903862398983487296 16 2994 3003 126
span 12185698869000662471 16 3053 3062 128
span 15054910624217406606 16 3112 3121 130
span 11999956945115197208 16 3171 3180 132
span 14427562215260489118 16 3230 3239 134
span 3786485474314398143 16 3289 3298 136
span 14586606926103406775 16 3348 3357 138
span 1890032254755922671 16 3407 3416 140
span 8647419223361235438 16 3466 3475 142
span 13816776311933479458 16 3525 3534 144
span 6823445100903199845 16 3584 3593 146
span 7208425292054990110 16 3643 3652 148
span 728855591691843420 16 3702 3711 150
span 6915310388116167985 16 3761 3770 152
span 14494848574189864325 16 3820 3829 154
span 9367739989579000215 16 3879 3888 156
span 9233709675391665953 16 3938 3947 158
span 15865182734901538736 16 3997 4006 160
span 11737026326020850764 16 4056 4065 162
span 11553543359151470600 16 4115 4124 164
span 4580116806405589315 16 4150 4159 166
span 12306073716740843385 16 4176 6093 168
span 4599948782788522669 16 4220 4231 170
span 13000382087427691345 16 4279 4290 172
span 1463991235961080696 16 4338 4349 174
span 14495367693458446150 16 4397 4408 176
span 5089692703806579397 16 4456 4467 178
span 9057221963493916095 16 4515 4526 180
span 2833033623315060503 16 4574 4585 182
span 15283683919830272100 16 4633 4644 184
span 10107285942581783229 16 4692 4703 186
span 11629437160231528249 16 4751 4762 188
span 13234764426688902238 16 4811 4822 190
span 6611576192546642299 16 4872 4883 192
span 17149897454072779503 16 4933 4944 194
span 4600752380994011891 16 4994 5005 196
span 9368622644307791574 16 5055 5066 198
span 5197695119777076424 16 5116 5127 200
span 12287484761973254528 16 5177 5188 202
span 360456589468210650 16 5238 5249 204
span 17372398958128992042 16 5299 5310 206
span 9229471537082182079 16 5360 5371 208
span 17154109963840504563 16 5421 5432 210
span 14794809723797241254 16 5482 5493 212
span 12647032727740062738 16 5543 5554 214
span 7344638313119775590 16 5604 5615 216
span 11365195896863935147 16 5665 5676 218
span 5842133727930275980 16 5726 5737 220
span 6541032629513275528 16 5787 5798 222
span 8301686033596479764 16 5848 5859 224
span 8303420401685168156 16 5909 5920 226
span 16153802626673927982 16 5970 5981 228
span 14334789411512996470 16 6031 6042 230
span 13444572639299764292 16 6068 6079 232
span 5063212340168967652 16 6096 8013 234
span 18011656036361682408 16 6140 6151 236
span 1872945152181946881 16 6199 6210 238
span 10137073282894565486 16 6258 6269 240
span 7329192247874838355 16 6317 6328 242
span 10801637968613613040 16 6376 6387 244
span 13937601729130832975 16 6435 6446 246
span 496526354310059125 16 6494 6505 248
span 10583730005262887570 16 6553 6564 250
span 13144938673613041987 16 6612 6623 252
span 5004882950398855037 16 6671 6682 254
span 13013440423689384512 16 6731 6742 256
span 2565644897735685382 16 6792 6803 258
span 10585749006397055501 16 6853 6864 260
span 11333015226124085706 16 6914 6925 262
span 12477016264299949411 16 6975 6986 264
span 17233228839571693754 16 7036 7047 266
span 12645107283131799536 16 7097 7108 268
span 2566058787664919324 16 7158 7169 270
span 32371509476980932 16 7219 7230 272
span 3682397757164866405 16 7280 7291 274
span 15740995134427812305 16 7341 7352 276
span 2936312800817684224 16 7402 7413 278
span 3409129692615465012 16 7463 7474 280
span 15148732937566655663 16 7524 7535 282
span 5403115719168515312 16 7585 7596 284
span 6653273893447477044 16 7646 7657 286
span 888934618979383014 16 7707 7718 288
span 3807396928820324544 16 7768 7779 290
span 1344717907886168639 16 7829 7840 292
span 10018479627399547509 16 7890 7901 294
span 13483319574369462936 16 7951 7962 296
span 18232383754202644696 16 7988 7999 298
span 13698674202488154693 16 8016 9933 300
span 6652037348152903197 16 8060 8071 302
span 1922865490500477910 16 8119 8130 304
span 7865838780118455354 16 8178 8189 306
span 7180518321095647217 16 8237 8248 308
span 656071126393714848 16 8296 8307 310
span 4872996421889495250 16 8355 8366 312
span 9951673770264826843 16 8414 8425 314
span 15053901167701753683 16 8473 8484 316
span 18227789542157566192 16 8532 8543 318
span 1772728579678572055 16 8591 8602 320
span 729515655882122840 16 8651 8662 322
span 13771623188443005902 16 8712 8723 324
span 8672791111588391408 16 8773 8784 326
span 7732028716446817365 16 8834 8845 328
span 5460228687420863179 16 8895 8906 330
span 11139233224341887707 16 8956 8967 332
span 6760277146901212961 16 9017 9028 334
span 1386478757323233953 16 9078 9089 336
span 8771445226392271750 16 9139 9150 338
span 5908530133921412257 16 9200 9211 340
span 6263867657291877400 16 9261 9272 342
span 9809416274105460186 16 9322 9333 344
span 5985307725536720086 16 9383 9394 346
span 12545502388083219940 16 9444 9455 348
span 6264492557751201868 16 9505 9516 350
span 11029465859653172002 16 9566 9577 352
span 8907519759533038615 16 9627 9638 354
span 15824673007388273003 16 9688 9699 356
span 1436810749963270768 16 9749 9760 358
span 12227984576416367660 16 9810 9821 360
span 14439331010907278384 16 9871 9882 362
span 3878436039409351189 16 9908 9919 364
span 7602594046808392642 16 9936 9991 366
span 11516715667912732816 16 9949 9991 366
span 13877839500008863706 16 9940 9946 366
span 2159251942643415868 16 9994 10002 367
span 10825624619544171528 16 10014 10069 368
span 345335170785202657 16 10027 10069 368
span 2629773224453828951 16 10018 10024 368
span 581785772116513988 16 10072 10082 369
span 3893214185846233104 16 10094 10149 370
span 18051863232312651745 16 10107 10149 370
span 6658048264245215826 16 10098 10104 370
span 18293308039684486023 16 10152 10162 371
span 13800421222307415707 16 10174 10229 372
span 16401024111630869424 16 10187 10229 372
span 6493526800365563559 16 10178 10184 372
span 3564062987585680624 16 10232 10242 373
span 4687098380966723457 16 10254 10309 374
span 11053633550950065196 16 10267 10309 374
span 2450836327658009257 16 10258 10264 374
span 1982396777307474680 16 10312 10322 375
span 8978788516868154975 16 10334 10389 376
span 17303533212168572470 16 10347 10389 376
span 10018448786079895374 16 10338 10344 376
span 12649732732157288860 16 10392 10402 377
span 3247778011669085541 16 10414 10469 378
span 1820633935037827976 16 10427 10469 378
span 10150210052176195812 16 10418 10424 378
span 4847066821176281215 16 10472 10482 379
span 5353627590947831435 16 10494 10549 380
span 3493089212434834096 16 10507 10549 380
span 16337452404167178437 16 10498 10504 380
span 3285842166636366040 16 10552 10562 381
span 6850513241449755584 16 10574 10629 382
span 2348202268688151788 16 10587 10629 382
span 5531599271725090730 16 10578 10584 382
span 17813446401154649851 16 10632 10642 383
span 17993925995129636379 16 10654 10710 384
span 2722555829145889665 16 10668 10710 384
span 765567749941523202 16 10658 10665 384
span 4693200637678120586 16 10713 10723 385
span 14162182135703385253 16 10736 10793 386
span 15650288559640017445 16 10750 10793 386
span 7447123099419105894 16 10740 10747 386
span 4786095813980706746 16 10796 10806 387
span 8957412162061751151 16 10819 10876 388
span 17502829431280830578 16 10833 10876 388
span 2064738453149534529 16 10823 10830 388
span 1058660733796224273 16 10879 10890 389
span 18338279716857050481 16 10903 10960 390
span 333796355366225798 16 10917 10960 390
span 2826722696910603970 16 10907 10914 390
span 7969053269970257885 16 10963 10974 391
span 14541164773901700138 16 10987 11044 392
span 16534780081739205676 16 11001 11044 392
span 13575786832175252856 16 10991 10998 392
span 2979712853142318683 16 11047 11058 393
span 14908738446169979777 16 11071 11128 394
span 13225562386285855577 16 11085 11128 394
span 10623232659585682810 16 11075 11082 394
span 15358712851687983328 16 11131 11142 395
span 10141216474961715122 16 11155 11212 396
span 4756022906815491439 16 11169 11212 396
span 17747154484158693956 16 11159 11166 396
span 13162696108734900745 16 11215 11226 397
span 6330924731727051506 16 11239 11296 398
span 7723260622452929796 16 11253 11296 398
span 4121367943101401156 16 11243 11250 398
span 4104043452886513575 16 11299 11310 399
span 9169589955680242402 16 11323 11380 400
span 6318450688961387318 16 11337 11380 400
span 6350412705431298432 16 11327 11334 400
span 13433408785074862597 16 11383 11394 401
span 636262032314879461 16 11407 11464 402
span 5531677525881014975 16 11421 11464 402
span 5335450818244306999 16 11411 11418 402
span 12333941432046001502 16 11467 11478 403
span 10407074722163925328 16 11491 11548 404
span 14613897885504142585 16 11505 11548 404
span 12417547224802833121 16 11495 11502 404
span 14486795635291619935 16 11551 11562 405
span 14951774697579925771 16 11575 11632 406
span 7746971236221057154 16 11589 11632 406
span 11386901455202026429 16 11579 11586 406
span 14650190437523504044 16 11635 11646 407
span 9904189541945712423 16 11659 11716 408
span 5104252391415075294 16 11673 11716 408
span 10411128773818873326 16 11663 11670 408
span 2607265366045399928 16 11719 11730 409
span 5206762438421723214 16 11743 11800 410
span 13677418101725504953 16 11757 11800 410
span 15886058305194490881 16 11747 11754 410
span 4962822724219478349 16 11803 11814 411
span 9415064063898469197 16 11827 11884 412
span 16726537182402213447 16 11841 11884 412
span 12947730039397493785 16 11831 11838 412
span 16292094373684223398 16 11887 11898 413
span 16113195300052360100 16 11911 11968 414
span 3649739970357934431 16 11925 11968 414
span 14024318473193508261 16 11915 11922 414
span 4438187948094624280 16 11971 11982 415
span 8465865252060892995 16 11995 12052 416
span 7996064891561119198 16 12009 12052 416
span 2979647559196635573 16 11999 12006 416
span 4014376888998559085 16 12055 12066 417
span 2883650514777952319 16 12079 12136 418
span 4813654983452777211 16 12093 12136 418
span 9729923965646830989 16 12083 12090 418
span 1433033086963837665 16 12139 12150 419
span 9702487306247983505 16 12163 12220 420
span 13800060359784810089 16 12177 12220 420
span 3190877116100516660 16 12167 12174 420
span 676192805110161542 16 12223 12234 421
span 13618151148814261202 16 12247 12304 422
span 12242095258394740353 16 12261 12304 422
span 3822343725585594283 16 12251 12258 422
span 17375534104806393561 16 12307 12318 423
span 12509765290936718504 16 12331 12388 424
span 2785918098827409900 16 12345 12388 424
span 17426226988945859823 16 12335 12342 424
span 9806848464298058489 16 12391 12402 425
span 6095443850980052881 16 12415 12472 426
span 5907293010618063662 16 12429 12472 426
span 2633012929500814877 16 12419 12426 426
span 2116871422925950480 16 12475 12486 427
span 13644855269825292891 16 12499 12571 428
span 14389270505646067384 16 12513 12571 428
span 2305395094805879459 16 12503 12510 428
span 14014218192763421300 16 12574 22782 429
span 8051411786962806175 16 12628 12686 430
span 12887848588833235113 16 12653 12659 431
span 10286698400460054515 16 12691 12751 433
span 5923205188397716005 16 12718 12724 434
span 15073524645513979810 16 12756 12816 436
span 17110591172368613536 16 12783 12789 437
span 17550805687299768750 16 12821 12881 439
span 16350218502240131135 16 12848 12854 440
span 2528212181806653202 16 12886 12946 442
span 16702225804664867183 16 12913 12919 443
span 16165816466826656526 16 12951 13011 445
span 16142924824788854429 16 12978 12984 446
span 15958635180101684394 16 13016 13076 448
span 13435239333637851562 16 13043 13049 449
span 6258408101179958540 16 13081 13141 451
span 3855856164101553972 16 13108 13114 452
span 3161400444417133996 16 13146 13206 454
span 6395795553356150896 16 13173 13179 455
span 10547439229993652879 16 13211 13271 457
span 13025939710840378252 16 13238 13244 458
span 14799591163196845684 16 13276 13337 460
span 7264007091316111296 16 13303 13310 461
span 3177418654229232072 16 13342 13404 463
span 3660702956649515689 16 13370 13377 464
span 3343064215328378154 16 13409 13471 466
span 15341793818818881330 16 13437 13444 467
span 10482298408639509242 16 13476 13538 469
span 15406323491014716593 16 13504 13511 470
span 5313044091126195050 16 13543 13605 472
span 4330873147551442997 16 13571 13578 473
span 649752059703977760 16 13610 13672 475
span 11333173846478478108 16 13638 13645 476
span 1371955662345305985 16 13677 13739 478
span 16193378053913251803 16 13705 13712 479
span 12007959035022461617 16 13744 13806 481
span 16262674676069783356 16 13772 13779 482
span 1854945872388925231 16 13811 13873 484
span 14526739622639249608 16 13839 13846 485
span 5395824546177678919 16 13878 13940 487
span 11187400156521069267 16 13906 13913 488
span 13005720624406863126 16 13945 14007 490
span 3586270413038855345 16 13973 13980 491
span 2486716835001930489 16 14012 14074 493
span 11812811593396424208 16 14040 14047 494
span 8389861624859960212 16 14079 14141 496
span 6164784754554156605 16 14107 14114 497
span 6624261064054711566 16 14146 14208 499
span 5488025945539972414 16 14174 14181 500
span 9424061091348065387 16 14213 14275 502
span 2810673249797678662 16 14241 14248 503
span 7831079877918247063 16 14280 14342 505
span 7634679742507581205 16 14308 14315 506
span 13311788478990047143 16 14347 14409 508
span 11613857663416209272 16 14375 14382 509
span 5437707824186403815 16 14414 14476 511
span 8096242125604675176 16 14442 14449 512
span 14745686371332493470 16 14481 14543 514
span 10035718240072169093 16 14509 14516 515
span 11825780422105743855 16 14548 14610 517
span 3189731838469874001 16 14576 14583 518
span 13361523343167904623 16 14615 14677 520
span 18329297340693208112 16 14643 14650 521
span 5732469951380613881 16 14682 14751 523
span 3443685887993880684 16 14717 14724 524
span 11167374823419103225 16 14767 15006 527
span 8337102258542029642 16 14809 14815 528
span 3902996705856327444 16 14863 14915 531
span 8796774995114871450 16 14873 14915 531
span 5174979438645248049 16 14863 14870 531
span 11084686816975425809 16 14922 15000 532
span 6720745754128729519 16 14965 14971 533
span 5729735027344949169 16 15011 15252 536
span 14130025881240686855 16 15055 15061 537
span 4801851712789094969 16 15109 15161 540
span 17513714056886331983 16 15119 15161 540
span 18030959265824585040 16 15109 15116 540
span 13186419996551417280 16 15168 15246 541
span 7408375606538726116 16 15211 15217 542
span 13370857452827831460 16 15257 15498 545
span 3993307636434539858 16 15301 15307 546
span 15931523051368883828 16 15355 15407 549
span 5832332640675772 16 15365 15407 549
span 16020744745744311395 16 15355 15362 549
span 7191093932778082230 16 15414 15492 550
span 4026100926523659683 16 15457 15463 551
span 14297129670631474119 16 15503 15744 554
span 8861449541714951058 16 15547 15553 555
span 6573448226261603775 16 15601 15653 558
span 10774218511891633692 16 15611 15653 558
span 12639484091985504048 16 15601 15608 558
span 5056693795562610442 16 15660 15738 559
span 8514360887055760157 16 15703 15709 560
span 5125832723925905531 16 15749 15990 563
span 7201364517135080506 16 15793 15799 564
span 7549882793335326733 16 15847 15899 567
span 64478704544479074 16 15857 15899 567
span 8031144967028047179 16 15847 15854 567
span 7860417256302751858 16 15906 15984 568
span 3750908243621629580 16 15949 15955 569
span 10494128823256988581 16 15995 16236 572
span 11751022658762754487 16 16039 16045 573
span 4609504356532731080 16 16093 16145 576
span 10926749306852488223 16 16103 16145 576
span 944889264295388476 16 16093 16100 576
span 6865676805287673908 16 16152 16230 577
span 13045461050971239013 16 16195 16201 578
span 8954710871760648146 16 16241 16482 581
span 799362144026346145 16 16285 16291 582
span 17969796711819274348 16 16339 16391 585
span 15232608531483550953 16 16349 16391 585
span 2852932056527621953 16 16339 16346 585
span 3037369254988559420 16 16398 16476 586
span 15265257796278035662 16 16441 16447 587
span 240371192586051060 16 16487 16728 590
span 2454011383291282704 16 16531 16537 591
span 1611423820302419665 16 16585 16637 594
span 3042902853822198231 16 16595 16637 594
span 14134509110131623398 16 16585 16592 594
span 11068783425347881297 16 16644 16722 595
span 10204924244623986368 16 16687 16693 596
span 12871116254542510124 16 16733 16974 599
span 9238076258979031694 16 16777 16783 600
span 5997999163716472858 16 16831 16883 603
span 3164396308571540532 16 16841 16883 603
span 13188424179579746217 16 16831 16838 603
span 14305417189674941790 16 16890 16968 604
span 3021648340132705116 16 16933 16939 605
span 8638331329883489673 16 16979 17220 608
span 13732788508654454222 16 17023 17029 609
span 8842372265917748151 16 17077 17129 612
span 8797669589910662055 16 17087 17129 612
span 12729133094805965429 16 17077 17084 612
span 554240563205060273 16 17136 17214 613
span 599174577940445116 16 17179 17185 614
span 13394122185510837578 16 17225 17469 617
span 8582770426420859064 16 17269 17276 618
span 6433434346049851215 16 17324 17377 621
span 1822702358625311987 16 17334 17377 621
span 3637165992336903465 16 17324 17331 621
span 8880199327213494020 16 17384 17463 622
span 17267375418564871198 16 17427 17434 623
span 5760179218937669078 16 17474 17719 626
span 10483672385654250039 16 17519 17526 627
span 8630173420481422212 16 17574 17627 630
span 3020933724813517415 16 17584 17627 630
span 6939643830722584101 16 17574 17581 630
span 2246704850075369727 16 17634 17713 631
span 15459064065391649014 16 17677 17684 632
span 15877956986819433866 16 17724 17969 635
span 8224939961113472558 16 17769 17776 636
span 13806267927208375188 16 17824 17877 639
span 1380729064197056453 16 17834 17877 639
span 9489704151421939339 16 17824 17831 639
span 13150053140941739418 16 17884 17963 640
span 16894898657503167946 16 17927 17934 641
span 16036444660563187386 16 17974 18219 644
span 7038993291311653044 16 18019 18026 645
span 10679973966270813004 16 18074 18127 648
span 16916413144495901552 16 18084 18127 648
span 14042390267750856662 16 18074 18081 648
span 72336648521999573 16 18134 18213 649
span 10401648338438493092 16 18177 18184 650
span 17030012238539668076 16 18224 18469 653
span 2141013797564079012 16 18269 18276 654
span 9507575160778530464 16 18324 18377 657
span 5511178035217094071 16 18334 18377 657
span 17752156930894626391 16 18324 18331 657
span 5301520178720740054 16 18384 18463 658
span 18144101566619306996 16 18427 18434 659
span 10250998521663905406 16 18474 18719 662
span 17697320920844354564 16 18519 18526 663
span 18272123536819918108 16 18574 18627 666
span 12096025432369402202 16 18584 18627 666
span 18015667595195055640 16 18574 18581 666
span 603953702294351826 16 18634 18713 667
span 10817052419450192294 16 18677 18684 668
span 466194517321927050 16 18724 18969 671
span 18240578207493073832 16 18769 18776 672
span 15275212729524421410 16 18824 18877 675
span 8070383624970691418 16 18834 18877 675
span 18216820071509795730 16 18824 18831 675
span 13381422610800908808 16 18884 18963 676
span 4900203322404261923 16 18927 18934 677
span 14696735472405364714 16 18974 19219 680
span 3646429217663916689 16 19019 19026 681
span 7154303862039075347 16 19074 19127 684
span 9544969289218351942 16 19084 19127 684
span 18357363282786371386 16 19074 19081 684
span 3522074799596897664 16 19134 19213 685
span 8734469049647703290 16 19177 19184 686
span 960881250396812490 16 19224 19469 689
span 1174248618384486590 16 19269 19276 690
span 5454508547132335015 16 19324 19377 693
span 8543494508267844059 16 19334 19377 693
span 5807748270771109118 16 19324 19331 693
span 8663061248906093580 16 19384 19463 694
span 17713474464114779978 16 19427 19434 695
span 1977096532773183316 16 19474 19719 698
span 2068523470263921126 16 19519 19526 699
span 18162813095081221400 16 19574 19627 702
span 2467198267113623273 16 19584 19627 702
span 12662225831552235479 16 19574 19581 702
span 3007434868457706969 16 19634 19713 703
span 6088935161007737583 16 19677 19684 704
span 6528122138726282662 16 19724 19969 707
span 8502216487312558527 16 19769 19776 708
span 5879869127765127339 16 19824 19877 711
span 6697495769172166034 16 19834 19877 711
span 12914278193552628477 16 19824 19831 711
span 9146003231851456225 16 19884 19963 712
span 895650235643361201 16 19927 19934 713
span 1537266709182052635 16 19974 20219 716
span 16947760112630801415 16 20019 20026 717
span 13551751439746282299 16 20074 20127 720
span 984188589908355206 16 20084 20127 720
span 6322370822804128257 16 20074 20081 720
span 13874593678860798313 16 20134 20213 721
span 11290221293200371928 16 20177 20184 722
span 12062608793685765272 16 20224 20469 725
span 2273832085898813230 16 20269 20276 726
span 5566820402043874155 16 20324 20377 729
span 17592886308646692295 16 20334 20377 729
span 4292823370524542698 16 20324 20331 729
span 1292515164786663666 16 20384 20463 730
span 16870173748310989001 16 20427 20434 731
span 6307507266044089151 16 20474 20719 734
span 14110536037338384315 16 20519 20526 735
span 18132061722257278058 16 20574 20627 738
span 3483734571757971726 16 20584 20627 738
span 14730391197094865326 16 20574 20581 738
span 16782290805260770458 16 20634 20713 739
span 14972710373729511347 16 20677 20684 740
span 840367122598251348 16 20724 20969 743
span 2370904985878202988 16 20769 20776 744
span 5410164108753110196 16 20824 20877 747
span 3676936348147066088 16 20834 20877 747
span 18082858165143726238 16 20824 20831 747
span 4434037855371479693 16 20884 20963 748
span 9311232121206144240 16 20927 20934 749
span 2232830040725450600 16 20974 21219 752
span 8357310925798336450 16 21019 21026 753
span 11093334506076980228 16 21074 21127 756
span 16349970180110289607 16 21084 21127 756
span 12010402979504989519 16 21074 21081 756
span 14898641402760634719 16 21134 21213 757
span 17788841734208845777 16 21177 21184 758
span 17944922408373335247 16 21224 21469 761
span 17287800118267511618 16 21269 21276 762
span 4933054713957500333 16 21324 21377 765
span 1754547806803043029 16 21334 21377 765
span 15975904108632203415 16 21324 21331 765
span 5633311429090599021 16 21384 21463 766
span 3312612500738633601 16 21427 21434 767
span 3006879025383662204 16 21474 21719 770
span 13928007959664718078 16 21519 21526 771
span 9302578604652188117 16 21574 21627 774
span 6458748929630988503 16 21584 21627 774
span 1416781127054129296 16 21574 21581 774
span 5904458291385431998 16 21634 21713 775
span 2584051028843154261 16 21677 21684 776
span 7196456758103011687 16 21724 21969 779
span 12819999410238889031 16 21769 21776 780
span 18157822569478919944 16 21824 21877 783
span 3016256135882108563 16 21834 21877 783
span 18218673247587652117 16 21824 21831 783
span 2885484738694834427 16 21884 21963 784
span 8817554525368743893 16 21927 21934 785
span 16710688071551797227 16 21974 22219 788
span 8951630154406241332 16 22019 22026 789
span 6049861470580948878 16 22074 22127 792
span 12662162445271062900 16 22084 22127 792
span 12832826129727445107 16 22074 22081 792
span 10724254171561706701 16 22134 22213 793
span 3729771009592579182 16 22177 22184 794
span 10600194558771972744 16 22224 22469 797
span 14938211324184242692 16 22269 22276 798
span 17866587370252918305 16 22324 22377 801
span 4719890009197872894 16 22334 22377 801
span 13788786315579457787 16 22324 22331 801
span 15121305116341137356 16 22384 22463 802
span 11130408516998094353 16 22427 22434 803
span 1487551629947373975 16 22479 22532 807
span 1201758616846771553 16 22489 22532 807
span 13494544221930919370 16 22479 22486 807
span 14341364150943034561 16 22537 22778 808
span 13277924956349289701 16 22578 22585 809
span 837454437504848074 16 22633 22686 812
span 3966478988951393475 16 22643 22686 812
span 886375656113761381 16 22633 22640 812
span 6761326783972964191 16 22693 22772 813
span 13871240532684527080 16 22736 22743 814
span 2679987302241233417 16 22785 22803 818
span 8451812393632550114 16 22818 22836 819
span 13439494182017063839 16 22853 22871 820
span 75051242254613638 16 22888 22906 821
span 10389831525975823997 0 0 8624 1
span 4648766271256672002 0 104 145 2
span 15860750318910303553 0 110 116 2
span 9837072707743315904 0 148 252 3
span 15522342533494802452 0 165 252 3
span 12049664814452635415 0 152 158 3
span 12560526438608737071 0 255 1245 4
span 6777152414145510643 0 272 1245 4
span 5286540024835973774 0 259 265 4
span 11880552683504288656 0 1248 2238 5
span 15792481277007955930 0 1265 2238 5
span 16642456167974832816 0 1252 1258 5
span 6625157817649114312 0 2241 3264 6
span 3755170102361096953 0 2258 3264 6
span 3218066030516712869 0 2245 2251 6
span 7390728027103611149 0 3267 4256 7
span 13323646642344233540 0 3284 4256 7
span 9030181992391579069 0 3271 3277 7
span 2569001335003573902 0 4259 5331 8
span 16264720338748926488 0 4276 5331 8
span 7958134995070962836 0 4263 4269 8
span 16153609955872102098 0 5334 6325 9
span 16086667929301752010 0 5351 6325 9
span 1952569979903924820 0 5338 5344 9
span 7822340009969609190 0 6328 7268 10
span 14461700711495613001 0 6345 7268 10
span 3069047502552961209 0 6332 6338 10
span 13883532717831145225 0 7271 7933 11
span 6489863875843768722 0 7288 7933 11
span 5831441059063159532 0 7275 7281 11
span 7682439436351033119 0 7936 8599 12
span 11510411471245283124 0 7954 8599 12
span 10202750065699006787 0 7940 7947 12
span 3865452479349459427 0 8602 8612 13
