hhds_srcmap 1
file 0 dino/pyrope/DualIssueIssueUnit.prp
filehash 0 1660029794748255713
filelines 0 75 0 182 203 222 253 284 315 345 375 406 436 459 490 521 543 565 592 651 682 741 772 830 861 920 952 1011 1043 1103 1135 1194 1226 1286 1345 1374 1434 1494 1527 1589 1622 1679 1737 1795 1854 1913 1971 2029 2086 2144 2202 2260 2318 2377 2436 2494 2552 2610 2684 2758 2820 3502 3624 3733 3772 3794 3827 3867 3871 3886 3912 3970 4011 4015 4041 4104 4106
file 1 dino/pyrope/DualIssueRegisterFile.prp
filehash 1 15549089919572060334
filelines 1 823 0 403 424 446 468 490 512 534 556 578 600 622 644 665 687 709 731 753 775 797 819 841 863 885 906 927 948 969 990 1011 1032 1053 1072 1090 1108 1126 1144 1162 1180 1198 1216 1234 1252 1270 1288 1306 1324 1342 1360 1378 1396 1414 1432 1450 1468 1486 1504 1522 1540 1558 1576 1594 1612 1630 1648 1666 1686 1708 1730 1752 1769 1786 1803 1820 1837 1854 1871 1888 1905 1922 1940 1958 1976 1994 2012 2030 2048 2066 2084 2102 2120 2138 2156 2174 2192 2210 2228 2246 2264 2282 2300 2318 2355 2360 2383 2417 2440 2474 2497 2531 2554 2588 2611 2645 2668 2702 2725 2759 2782 2816 2839 2873 2896 2931 2955 2990 3014 3049 3073 3108 3132 3167 3191 3226 3250 3285 3309 3344 3368 3403 3427 3462 3486 3521 3545 3580 3604 3639 3663 3698 3722 3757 3781 3816 3840 3875 3899 3934 3958 3993 4017 4052 4076 4111 4135 4146 4170 4174 4211 4216 4241 4275 4300 4334 4359 4393 4418 4452 4477 4511 4536 4570 4595 4629 4654 4688 4713 4747 4772 4807 4833 4868 4894 4929 4955 4990 5016 5051 5077 5112 5138 5173 5199 5234 5260 5295 5321 5356 5382 5417 5443 5478 5504 5539 5565 5600 5626 5661 5687 5722 5748 5783 5809 5844 5870 5905 5931 5966 5992 6027 6053 6064 6090 6094 6131 6136 6161 6195 6220 6254 6279 6313 6338 6372 6397 6431 6456 6490 6515 6549 6574 6608 6633 6667 6692 6727 6753 6788 6814 6849 6875 6910 6936 6971 6997 7032 7058 7093 7119 7154 7180 7215 7241 7276 7302 7337 7363 7398 7424 7459 7485 7520 7546 7581 7607 7642 7668 7703 7729 7764 7790 7825 7851 7886 7912 7947 7973 7984 8010 8014 8051 8056 8081 8115 8140 8174 8199 8233 8258 8292 8317 8351 8376 8410 8435 8469 8494 8528 8553 8587 8612 8647 8673 8708 8734 8769 8795 8830 8856 8891 8917 8952 8978 9013 9039 9074 9100 9135 9161 9196 9222 9257 9283 9318 9344 9379 9405 9440 9466 9501 9527 9562 9588 9623 9649 9684 9710 9745 9771 9806 9832 9867 9893 9904 9930 9934 9992 10012 10070 10092 10150 10172 10230 10252 10310 10332 10390 10412 10470 10492 10550 10572 10630 10652 10711 10734 10794 10817 10877 10901 10961 10985 11045 11069 11129 11153 11213 11237 11297 11321 11381 11405 11465 11489 11549 11573 11633 11657 11717 11741 11801 11825 11885 11909 11969 11993 12053 12077 12137 12161 12221 12245 12305 12329 12389 12413 12473 12497 12572 12624 12647 12681 12687 12712 12746 12752 12777 12811 12817 12842 12876 12882 12907 12941 12947 12972 13006 13012 13037 13071 13077 13102 13136 13142 13167 13201 13207 13232 13266 13272 13297 13332 13338 13364 13399 13405 13431 13466 13472 13498 13533 13539 13565 13600 13606 13632 13667 13673 13699 13734 13740 13766 13801 13807 13833 13868 13874 13900 13935 13941 13967 14002 14008 14034 14069 14075 14101 14136 14142 14168 14203 14209 14235 14270 14276 14302 14337 14343 14369 14404 14410 14436 14471 14477 14503 14538 14544 14570 14605 14611 14637 14672 14678 14711 14746 14752 14763 14803 14837 14850 14857 14916 14957 14993 15001 15007 15049 15083 15096 15103 15162 15203 15239 15247 15253 15295 15329 15342 15349 15408 15449 15485 15493 15499 15541 15575 15588 15595 15654 15695 15731 15739 15745 15787 15821 15834 15841 15900 15941 15977 15985 15991 16033 16067 16080 16087 16146 16187 16223 16231 16237 16279 16313 16326 16333 16392 16433 16469 16477 16483 16525 16559 16572 16579 16638 16679 16715 16723 16729 16771 16805 16818 16825 16884 16925 16961 16969 16975 17017 17051 17064 17071 17130 17171 17207 17215 17221 17263 17298 17311 17318 17378 17419 17456 17464 17470 17513 17548 17561 17568 17628 17669 17706 17714 17720 17763 17798 17811 17818 17878 17919 17956 17964 17970 18013 18048 18061 18068 18128 18169 18206 18214 18220 18263 18298 18311 18318 18378 18419 18456 18464 18470 18513 18548 18561 18568 18628 18669 18706 18714 18720 18763 18798 18811 18818 18878 18919 18956 18964 18970 19013 19048 19061 19068 19128 19169 19206 19214 19220 19263 19298 19311 19318 19378 19419 19456 19464 19470 19513 19548 19561 19568 19628 19669 19706 19714 19720 19763 19798 19811 19818 19878 19919 19956 19964 19970 20013 20048 20061 20068 20128 20169 20206 20214 20220 20263 20298 20311 20318 20378 20419 20456 20464 20470 20513 20548 20561 20568 20628 20669 20706 20714 20720 20763 20798 20811 20818 20878 20919 20956 20964 20970 21013 21048 21061 21068 21128 21169 21206 21214 21220 21263 21298 21311 21318 21378 21419 21456 21464 21470 21513 21548 21561 21568 21628 21669 21706 21714 21720 21763 21798 21811 21818 21878 21919 21956 21964 21970 22013 22048 22061 22068 22128 22169 22206 22214 22220 22263 22298 22311 22318 22378 22419 22456 22464 22470 22475 22533 22572 22607 22620 22627 22687 22728 22765 22773 22779 22783 22816 22851 22886 22921 22923
file 2 dino/pyrope/Control.prp
filehash 2 17549580833692210164
filelines 2 80 0 216 237 258 279 300 321 340 369 398 426 454 481 508 536 564 592 619 647 668 689 710 761 789 840 868 918 948 999 1027 1078 1107 1158 1187 1238 1267 1319 1348 1400 1429 1481 1511 1563 1614 1738 1769 1820 1873 1945 1997 2041 2130 2230 2402 2423 2439 2443 2519 2588 2657 2732 2799 2872 2892 2922 2938 2942 3138 3203 3227 3346 3377 3393 3397 3466 3487 3705 3757 3874 3876
file 3 dino/pyrope/ImmediateGenerator.prp
filehash 3 5338560799435971103
filelines 3 23 0 102 142 183 225 267 309 351 393 435 477 584 1473 2362 3284 4172 5143 6033 6888 7457 7995 8018 8020
file 4 dino/pyrope/ALUControl.prp
filehash 4 2432089495623656380
filelines 4 39 0 137 154 171 188 205 222 242 271 276 324 329 410 415 517 522 545 571 610 636 654 680 698 724 742 768 773 862 867 967 990 1016 1034 1045 1063 1067 1135 1159 1161
file 5 dino/pyrope/DualIssueForwardingUnit.prp
filehash 5 5651259125202624367
filelines 5 53 0 400 470 526 596 652 721 777 846 902 980 1072 1166 1260 1290 1361 1418 1489 1546 1616 1673 1743 1800 1881 1976 2072 2168 2198 2269 2326 2397 2454 2524 2581 2651 2708 2845 2941 3037 3067 3138 3195 3266 3323 3393 3450 3520 3577 3714 3810 3906 3936 3938
file 6 dino/pyrope/DualIssueHazardUnit.prp
filehash 6 13351310534348974039
filelines 6 23 0 403 422 453 480 549 620 691 762 833 904 975 1046 1117 1256 1316 1357 1408 1448 1484 1524 1556 1558
file 7 dino/pyrope/StageReg.prp
filehash 7 16723292877472109532
filelines 7 28 0 216 233 259 276 297 315 339 359 374 385 408 434 451 464 489 533 559 567 573 578 655 698 702 742 774 796 798
file 8 dino/pyrope/StageReg_2.prp
filehash 8 3687491674727045555
filelines 8 57 0 344 361 378 395 412 429 446 472 494 518 542 563 581 605 625 640 662 684 704 715 720 783 788 828 848 871 888 894 899 935 964 987 1004 1010 1015 1053 1078 1101 1118 1124 1129 1167 1194 1217 1234 1240 1290 1317 1321 1361 1393 1415 1451 1487 1519 1521
file 9 dino/pyrope/StageReg_4.prp
filehash 9 11134653093066362173
filelines 9 68 0 697 714 731 748 775 802 828 854 882 912 946 976 1004 1031 1061 1079 1105 1132 1158 1187 1220 1245 1270 1299 1326 1355 1381 1392 1397 1437 1499 1561 1621 1644 1661 1667 1672 1716 1780 1810 1833 1850 1856 1861 1903 1937 2013 2081 2104 2121 2127 2159 2227 2289 2293 2337 2383 2427 2477 2535 2577 2619 2669 2715 2765 2809 2811
file 10 dino/pyrope/StageReg_8.prp
filehash 10 7817049667420168279
filelines 10 21 0 249 266 294 321 351 369 396 425 451 462 467 541 573 641 703 707 753 803 847 849
file 11 dino/pyrope/StageReg_10.prp
filehash 11 9203297993606745511
filelines 11 18 0 214 237 261 287 305 327 351 372 383 419 459 493 497 533 573 607 609
file 12 dino/pyrope/StageReg_12.prp
filehash 12 12288936143647853869
filelines 12 14 0 183 210 240 258 287 313 324 374 418 422 472 516 518
file 13 dino/pyrope/ALU.prp
filehash 13 3976432345047998552
filelines 13 89 0 98 115 133 151 168 185 202 232 262 291 321 351 381 398 415 432 449 466 486 561 671 745 809 890 963 1003 1008 1046 1083 1088 1143 1170 1207 1255 1260 1834 1857 1894 1943 1948 2598 2621 2658 2707 2712 3318 3341 3378 3416 3453 3491 3528 3576 3581 4186 4209 4246 4295 4300 4911 4934 4971 4976 5057 5084 5122 5174 5212 5217 5299 5326 5364 5369 5425 5452 5490 5495 5552 5580 5618 5623 5680 5708 5719 5737 5741 5765 5767
file 14 dino/pyrope/DualIssueNextPC.prp
filehash 14 751804293209648847
filelines 14 27 0 204 223 273 331 381 439 489 572 622 706 756 814 865 924 1058 1174 1276 1409 1525 1612 1697 1719 1772 1847 1868 1870
file 15 dino/pyrope/StageReg_6.prp
filehash 15 7233361211095308102
filelines 15 51 0 354 371 388 405 422 446 474 495 514 540 561 579 601 625 645 671 690 708 719 724 794 799 841 868 891 908 914 919 954 985 1008 1025 1031 1036 1076 1100 1146 1169 1186 1192 1221 1271 1275 1311 1351 1383 1427 1457 1485 1487
file 16 dino/pyrope/PipelinedDualIssueCPU.prp
filehash 16 17979340170295442937
filelines 16 358 0 30 81 123 213 291 366 432 516 591 636 690 744 795 846 897 948 949 1346 1364 1409 1444 1483 1528 1563 1602 1622 1644 1666 1688 1730 1763 1805 1838 1878 1918 1931 1975 2019 2070 2112 2155 2176 2227 2269 2312 2333 2378 2432 2477 2531 2581 2631 2675 2728 2778 2828 2872 2925 2970 3024 3069 3123 3174 3212 3263 3301 3304 3307 3310 3313 3316 3319 3322 3325 3328 3331 3334 3337 3340 3343 3346 3349 3352 3355 3358 3361 3364 3367 3370 3373 3376 3379 3382 3385 3388 3391 3394 3397 3440 3483 3523 3544 3564 3611 3658 3679 3700 3721 3742 3763 3785 3806 3828 3850 3902 3975 4048 4101 4154 4158 4210 4244 4297 4350 4354 4388 4745 4828 4911 5596 6203 6810 6921 6967 7078 7124 7459 7515 7850 7906 9002 9083 9164 10108 10344 10413 10688 10757 11148 11217 11608 11677 12351 12434 12517 12606 12691 13365 13448 13531 13620 13705 14029 14120 14444 14535 14760 14825 14892 14963 15188 15253 15320 15391 15618 15703 15794 16021 16106 16126 16178 16269 16292 16334 16388 16392 16459 16486 16528 16597 16601 16657 16682 16724 16782 16786 16856 16885 16927 16999 17003 17064 17092 17134 17197 17201 17265 17294 17336 17402 17406 17477 17506 17548 17621 17625 17650 17699 17704 17750 17796 17844 17890 17938 17984 18023 18069 18108 18154 18172 18218 18236 18247 18265 18269 18318 18323 18371 18417 18467 18513 18563 18609 18650 18696 18737 18783 18803 18849 18869 18880 18900 18904 18953 18958 19006 19052 19072 19118 19168 19214 19264 19310 19351 19397 19438 19484 19504 19515 19535 19539 19588 19593 19641 19687 19707 19753 19803 19849 19899 19945 19986 20032 20073 20119 20139 20150 20170 20174 20192 20203 20214 20251 20258 20265 20272 20415 20434 20447 20490 20506 20514 20534 20568 20576 20582 20586 20716 20795 20945 21062 21195 21228 21267 21317 21363 21367 21446 21596 21713 21846 21902 21941 21981 22039 22043 22211 22320 22431 22601 22734 22877 23206 23252 23310 23361 23365 23466 23842 23909 23984 24045 24104 24150 24221 24279 24330 24334 24435 24804 24871 24946 25007 25066 25137 25200 25202
span 4288317109665427554 0 3644 3732 61
span 16351885926513783109 0 3796 3870 64
span 9841983054702287290 0 3914 4014 69
span 16511654789289434232 0 4043 4103 73
span 3109856896231372999 1 2320 4173 102
span 12070332876544932915 1 4176 6093 168
span 14798609645631127089 1 6096 8013 234
span 2787604386029490143 1 8016 9933 300
span 5140955936245658299 1 1758 1764 70
span 11428262907360119124 1 1775 1781 71
span 5022526204589986653 1 1792 1798 72
span 11367864119113530683 1 1809 1815 73
span 14236501716916264705 1 1826 1832 74
span 12383703304872928936 1 1843 1849 75
span 13021626881783576462 1 1860 1866 76
span 17472339675135067714 1 1877 1883 77
span 8205092221292453518 1 1894 1900 78
span 10391265381637320059 1 1911 1917 79
span 7253830128042258269 1 1928 1935 80
span 16743762411937349245 1 1946 1953 81
span 2367058586650673744 1 1964 1971 82
span 17614672541949977193 1 1982 1989 83
span 11735356645000463505 1 2000 2007 84
span 14642155345330140919 1 2018 2025 85
span 13153607392147257778 1 2036 2043 86
span 6190352274235999328 1 2054 2061 87
span 4454366423040033601 1 2072 2079 88
span 12562250076213425945 1 2090 2097 89
span 16390672805348802261 1 2108 2115 90
span 10193218046349869980 1 2126 2133 91
span 16232446346200880494 1 2144 2151 92
span 5610747222819739586 1 2162 2169 93
span 1767053759576478048 1 2180 2187 94
span 11803632588222044643 1 2198 2205 95
span 10256471817324300551 1 2216 2223 96
span 171267718726759881 1 2234 2241 97
span 10535435949178169974 1 2252 2259 98
span 6991397597970765628 1 2270 2277 99
span 11371105579310431568 1 2288 2295 100
span 9932351264263298726 1 2306 2313 101
span 13495592005266339873 2 2132 2229 52
span 18054899656559427764 2 2043 2129 51
span 8950031607982049394 2 2232 2401 53
span 6215933145980270208 2 2676 2731 60
span 1007370858441749672 2 2801 2871 62
span 5921785990641156512 2 2961 3137 67
span 3129509837182086878 2 3229 3345 70
span 243368076566077574 2 3416 3465 74
span 11538394328133779029 2 3707 3756 77
span 10658427458157934694 2 3489 3704 76
span 922709164755176516 2 3759 3873 78
span 5979498536861013105 3 7477 7994 20
span 5794409490683604344 4 1085 1134 36
span 15909752291160335218 5 1185 1259 13
span 3032350069630433530 5 2091 2167 26
span 6512691933445361990 5 2960 3036 38
span 15237560972015155706 5 3829 3905 50
span 2686577230493544897 6 482 548 5
span 12158659040613747805 6 1258 1315 15
span 5182829032729073085 6 1359 1407 17
span 296702858164583101 7 239 254 3
span 7629527463396239859 7 265 271 4
span 700923776016245198 7 282 293 5
span 3970687952291514884 8 435 441 7
span 760987474200601972 8 452 467 8
span 11595146253809272496 8 478 489 9
span 6220412625142182356 8 500 513 10
span 7262232921037395989 8 524 537 11
span 16277008494275047034 8 548 559 12
span 12515491122691061524 9 754 771 5
span 1091073042552512998 9 781 798 6
span 1578696318662214303 9 808 824 7
span 8878102274914596035 9 834 850 8
span 7148513081129248777 9 860 878 9
span 12103470556456114101 9 888 908 10
span 11486213211269188560 9 918 942 11
span 10191764139032538226 9 952 972 12
span 17219642839728348529 9 982 1000 13
span 6448794533605787428 9 1010 1027 14
span 6464775608653304028 9 1037 1057 15
span 5555254990614485877 10 272 290 3
span 2647927871081980872 10 300 317 4
span 5858191702803945604 10 327 347 5
span 1573393934632325171 11 220 232 2
span 15503219649954528116 11 243 256 3
span 2252979608193715029 11 267 282 4
span 11545534275089325159 12 189 206 2
span 3453177267792431110 12 216 236 3
span 3651111076133385612 13 965 5740 26
span 2970916410595113059 14 1632 1696 21
span 15393588115890245423 14 1791 1846 24
span 13563921937330743010 15 428 441 6
span 18280611813706400251 15 452 469 7
span 16452240007355485972 15 480 490 8
span 5853625489839453547 15 501 510 9
span 531239107087135356 15 520 535 10
span 9252437937248598962 15 546 557 11
span 14322150472270207198 16 1924 1926 36
span 3194069578538332004 16 16294 16391 184
span 165687596821459440 16 16488 16600 189
span 2814185663430906320 16 16684 16785 194
span 1653290097348563404 16 16887 17002 199
span 11476253555877030881 16 17094 17200 204
span 13657620218103365378 16 17296 17405 209
span 14457600368782889443 16 17508 17624 214
combine 5879526840818629389 3 296702858164583101 7629527463396239859 700923776016245198
combine 8256752649828506217 2 1653290097348563404 11476253555877030881
combine 3938677369956162032 4 8950031607982049394 6215933145980270208 5921785990641156512 10658427458157934694
combine 3047711427751911204 2 8950031607982049394 10658427458157934694
combine 8318142006523071776 2 3129509837182086878 10658427458157934694
combine 7999914228391577244 2 18054899656559427764 10658427458157934694
combine 16374494579894906316 5 6215933145980270208 1007370858441749672 243368076566077574 11538394328133779029 10658427458157934694
combine 455414488992873431 2 13495592005266339873 6215933145980270208
combine 13423599818136822341 4 13495592005266339873 8950031607982049394 6215933145980270208 10658427458157934694
combine 10025404879421284233 5 13495592005266339873 18054899656559427764 6215933145980270208 10658427458157934694 922709164755176516
combine 13153111772977482148 5 8950031607982049394 6215933145980270208 5921785990641156512 3129509837182086878 10658427458157934694
combine 5793123823840376019 2 11538394328133779029 10658427458157934694
combine 18423416121126666994 5 8950031607982049394 6215933145980270208 1007370858441749672 5921785990641156512 10658427458157934694
combine 9464824319168996135 2 6215933145980270208 243368076566077574
combine 5638219861150588268 2 2970916410595113059 15393588115890245423
combine 2344176325625405692 2 12158659040613747805 5182829032729073085
combine 14282687279747822548 3 2686577230493544897 12158659040613747805 5182829032729073085
combine 1912123018155526866 3 4288317109665427554 9841983054702287290 16511654789289434232
combine 4895431922285916429 2 9841983054702287290 16511654789289434232
combine 10853620257000469063 4 4288317109665427554 16351885926513783109 9841983054702287290 16511654789289434232
combine 13363391254611710461 5 17472339675135067714 16743762411937349245 17614672541949977193 11735356645000463505 14642155345330140919
combine 6685054716064721316 2 16743762411937349245 171267718726759881
combine 13221303144887093168 2 7253830128042258269 10256471817324300551
combine 10124317066602226201 2 13021626881783576462 16232446346200880494
combine 7285852197854831227 2 17472339675135067714 5610747222819739586
combine 5082043331434109096 2 17614672541949977193 6991397597970765628
combine 3808651555973539637 2 14236501716916264705 16390672805348802261
combine 4899649316372638678 6 14236501716916264705 8205092221292453518 2367058586650673744 16390672805348802261 1767053759576478048 10535435949178169974
combine 4865163487753962268 11 13153607392147257778 6190352274235999328 4454366423040033601 12562250076213425945 16390672805348802261 10193218046349869980 16232446346200880494 1767053759576478048 11803632588222044643 10256471817324300551 10535435949178169974
combine 10806794503922371849 4 17472339675135067714 14642155345330140919 5610747222819739586 9932351264263298726
combine 16136552030383924890 2 5140955936245658299 13153607392147257778
combine 13016619598630505634 2 11735356645000463505 11371105579310431568
combine 11977607331401749945 5 5610747222819739586 171267718726759881 6991397597970765628 11371105579310431568 9932351264263298726
combine 11857676347582298890 2 12383703304872928936 10193218046349869980
combine 14324509345260540397 8 11428262907360119124 12383703304872928936 10391265381637320059 17614672541949977193 6190352274235999328 10193218046349869980 11803632588222044643 6991397597970765628
combine 14525084645557304120 2 2367058586650673744 10535435949178169974
combine 3239704487102875293 2 10391265381637320059 11803632588222044643
combine 1584293891163948046 2 8205092221292453518 1767053759576478048
combine 18379553747609470573 2 14642155345330140919 9932351264263298726
combine 15500423761740868657 2 5022526204589986653 4454366423040033601
combine 12328580493879870409 4 13021626881783576462 11735356645000463505 16232446346200880494 11371105579310431568
combine 5850346706175244334 4 11428262907360119124 10391265381637320059 6190352274235999328 11803632588222044643
combine 6013878812295853735 2 11428262907360119124 6190352274235999328
combine 7733788449163071092 2 11367864119113530683 12562250076213425945
combine 644866610112252520 4 5022526204589986653 7253830128042258269 4454366423040033601 10256471817324300551
combine 7742182593125986207 4 12383703304872928936 17614672541949977193 10193218046349869980 6991397597970765628
combine 10285389693151595268 8 5022526204589986653 13021626881783576462 7253830128042258269 11735356645000463505 4454366423040033601 16232446346200880494 10256471817324300551 11371105579310431568
combine 15863874105880404083 11 5140955936245658299 11428262907360119124 5022526204589986653 11367864119113530683 14236501716916264705 12383703304872928936 13021626881783576462 8205092221292453518 10391265381637320059 7253830128042258269 2367058586650673744
combine 17898722027437866571 4 11367864119113530683 16743762411937349245 12562250076213425945 171267718726759881
