hhds_srcmap 1
file 0 ./dino_prp2/DualIssueIssueUnit.prp
filehash 0 1660029794748255713
filelines 0 75 0 182 203 222 253 284 315 345 375 406 436 459 490 521 543 565 592 651 682 741 772 830 861 920 952 1011 1043 1103 1135 1194 1226 1286 1345 1374 1434 1494 1527 1589 1622 1679 1737 1795 1854 1913 1971 2029 2086 2144 2202 2260 2318 2377 2436 2494 2552 2610 2684 2758 2820 3502 3624 3733 3772 3794 3827 3867 3871 3886 3912 3970 4011 4015 4041 4104 4106
file 1 ./dino_prp2/ImmediateGenerator.prp
filehash 1 3781954684664952540
filelines 1 15 0 102 146 253 1246 2239 3265 4257 5332 6326 7269 7934 8600 8623 8625
file 2 ./dino_prp2/DualIssueForwardingUnit.prp
filehash 2 5651259125202624367
filelines 2 53 0 400 470 526 596 652 721 777 846 902 980 1072 1166 1260 1290 1361 1418 1489 1546 1616 1673 1743 1800 1881 1976 2072 2168 2198 2269 2326 2397 2454 2524 2581 2651 2708 2845 2941 3037 3067 3138 3195 3266 3323 3393 3450 3520 3577 3714 3810 3906 3936 3938
file 3 ./dino_prp2/StageReg_4.prp
filehash 3 11134653093066362173
filelines 3 68 0 697 714 731 748 775 802 828 854 882 912 946 976 1004 1031 1061 1079 1105 1132 1158 1187 1220 1245 1270 1299 1326 1355 1381 1392 1397 1437 1499 1561 1621 1644 1661 1667 1672 1716 1780 1810 1833 1850 1856 1861 1903 1937 2013 2081 2104 2121 2127 2159 2227 2289 2293 2337 2383 2427 2477 2535 2577 2619 2669 2715 2765 2809 2811
file 4 ./dino_prp2/StageReg_2.prp
filehash 4 3687491674727045555
filelines 4 57 0 344 361 378 395 412 429 446 472 494 518 542 563 581 605 625 640 662 684 704 715 720 783 788 828 848 871 888 894 899 935 964 987 1004 1010 1015 1053 1078 1101 1118 1124 1129 1167 1194 1217 1234 1240 1290 1317 1321 1361 1393 1415 1451 1487 1519 1521
file 5 ./dino_prp2/DualIssueNextPC.prp
filehash 5 751804293209648847
filelines 5 27 0 204 223 273 331 381 439 489 572 622 706 756 814 865 924 1058 1174 1276 1409 1525 1612 1697 1719 1772 1847 1868 1870
file 6 ./dino_prp2/ALU.prp
filehash 6 3976432345047998552
filelines 6 89 0 98 115 133 151 168 185 202 232 262 291 321 351 381 398 415 432 449 466 486 561 671 745 809 890 963 1003 1008 1046 1083 1088 1143 1170 1207 1255 1260 1834 1857 1894 1943 1948 2598 2621 2658 2707 2712 3318 3341 3378 3416 3453 3491 3528 3576 3581 4186 4209 4246 4295 4300 4911 4934 4971 4976 5057 5084 5122 5174 5212 5217 5299 5326 5364 5369 5425 5452 5490 5495 5552 5580 5618 5623 5680 5708 5719 5737 5741 5765 5767
file 7 ./dino_prp2/PipelinedDualIssueCPU.prp
filehash 7 17979340170295442937
filelines 7 358 0 30 81 123 213 291 366 432 516 591 636 690 744 795 846 897 948 949 1346 1364 1409 1444 1483 1528 1563 1602 1622 1644 1666 1688 1730 1763 1805 1838 1878 1918 1931 1975 2019 2070 2112 2155 2176 2227 2269 2312 2333 2378 2432 2477 2531 2581 2631 2675 2728 2778 2828 2872 2925 2970 3024 3069 3123 3174 3212 3263 3301 3304 3307 3310 3313 3316 3319 3322 3325 3328 3331 3334 3337 3340 3343 3346 3349 3352 3355 3358 3361 3364 3367 3370 3373 3376 3379 3382 3385 3388 3391 3394 3397 3440 3483 3523 3544 3564 3611 3658 3679 3700 3721 3742 3763 3785 3806 3828 3850 3902 3975 4048 4101 4154 4158 4210 4244 4297 4350 4354 4388 4745 4828 4911 5596 6203 6810 6921 6967 7078 7124 7459 7515 7850 7906 9002 9083 9164 10108 10344 10413 10688 10757 11148 11217 11608 11677 12351 12434 12517 12606 12691 13365 13448 13531 13620 13705 14029 14120 14444 14535 14760 14825 14892 14963 15188 15253 15320 15391 15618 15703 15794 16021 16106 16126 16178 16269 16292 16334 16388 16392 16459 16486 16528 16597 16601 16657 16682 16724 16782 16786 16856 16885 16927 16999 17003 17064 17092 17134 17197 17201 17265 17294 17336 17402 17406 17477 17506 17548 17621 17625 17650 17699 17704 17750 17796 17844 17890 17938 17984 18023 18069 18108 18154 18172 18218 18236 18247 18265 18269 18318 18323 18371 18417 18467 18513 18563 18609 18650 18696 18737 18783 18803 18849 18869 18880 18900 18904 18953 18958 19006 19052 19072 19118 19168 19214 19264 19310 19351 19397 19438 19484 19504 19515 19535 19539 19588 19593 19641 19687 19707 19753 19803 19849 19899 19945 19986 20032 20073 20119 20139 20150 20170 20174 20192 20203 20214 20251 20258 20265 20272 20415 20434 20447 20490 20506 20514 20534 20568 20576 20582 20586 20716 20795 20945 21062 21195 21228 21267 21317 21363 21367 21446 21596 21713 21846 21902 21941 21981 22039 22043 22211 22320 22431 22601 22734 22877 23206 23252 23310 23361 23365 23466 23842 23909 23984 24045 24104 24150 24221 24279 24330 24334 24435 24804 24871 24946 25007 25066 25137 25200 25202
file 8 ./dino_prp2/Control.prp
filehash 8 17549580833692210164
filelines 8 80 0 216 237 258 279 300 321 340 369 398 426 454 481 508 536 564 592 619 647 668 689 710 761 789 840 868 918 948 999 1027 1078 1107 1158 1187 1238 1267 1319 1348 1400 1429 1481 1511 1563 1614 1738 1769 1820 1873 1945 1997 2041 2130 2230 2402 2423 2439 2443 2519 2588 2657 2732 2799 2872 2892 2922 2938 2942 3138 3203 3227 3346 3377 3393 3397 3466 3487 3705 3757 3874 3876
file 9 ./dino_prp2/StageReg_6.prp
filehash 9 7233361211095308102
filelines 9 51 0 354 371 388 405 422 446 474 495 514 540 561 579 601 625 645 671 690 708 719 724 794 799 841 868 891 908 914 919 954 985 1008 1025 1031 1036 1076 1100 1146 1169 1186 1192 1221 1271 1275 1311 1351 1383 1427 1457 1485 1487
file 10 ./dino_prp2/DualIssueRegisterFile.prp
filehash 10 15549089919572060334
filelines 10 823 0 403 424 446 468 490 512 534 556 578 600 622 644 665 687 709 731 753 775 797 819 841 863 885 906 927 948 969 990 1011 1032 1053 1072 1090 1108 1126 1144 1162 1180 1198 1216 1234 1252 1270 1288 1306 1324 1342 1360 1378 1396 1414 1432 1450 1468 1486 1504 1522 1540 1558 1576 1594 1612 1630 1648 1666 1686 1708 1730 1752 1769 1786 1803 1820 1837 1854 1871 1888 1905 1922 1940 1958 1976 1994 2012 2030 2048 2066 2084 2102 2120 2138 2156 2174 2192 2210 2228 2246 2264 2282 2300 2318 2355 2360 2383 2417 2440 2474 2497 2531 2554 2588 2611 2645 2668 2702 2725 2759 2782 2816 2839 2873 2896 2931 2955 2990 3014 3049 3073 3108 3132 3167 3191 3226 3250 3285 3309 3344 3368 3403 3427 3462 3486 3521 3545 3580 3604 3639 3663 3698 3722 3757 3781 3816 3840 3875 3899 3934 3958 3993 4017 4052 4076 4111 4135 4146 4170 4174 4211 4216 4241 4275 4300 4334 4359 4393 4418 4452 4477 4511 4536 4570 4595 4629 4654 4688 4713 4747 4772 4807 4833 4868 4894 4929 4955 4990 5016 5051 5077 5112 5138 5173 5199 5234 5260 5295 5321 5356 5382 5417 5443 5478 5504 5539 5565 5600 5626 5661 5687 5722 5748 5783 5809 5844 5870 5905 5931 5966 5992 6027 6053 6064 6090 6094 6131 6136 6161 6195 6220 6254 6279 6313 6338 6372 6397 6431 6456 6490 6515 6549 6574 6608 6633 6667 6692 6727 6753 6788 6814 6849 6875 6910 6936 6971 6997 7032 7058 7093 7119 7154 7180 7215 7241 7276 7302 7337 7363 7398 7424 7459 7485 7520 7546 7581 7607 7642 7668 7703 7729 7764 7790 7825 7851 7886 7912 7947 7973 7984 8010 8014 8051 8056 8081 8115 8140 8174 8199 8233 8258 8292 8317 8351 8376 8410 8435 8469 8494 8528 8553 8587 8612 8647 8673 8708 8734 8769 8795 8830 8856 8891 8917 8952 8978 9013 9039 9074 9100 9135 9161 9196 9222 9257 9283 9318 9344 9379 9405 9440 9466 9501 9527 9562 9588 9623 9649 9684 9710 9745 9771 9806 9832 9867 9893 9904 9930 9934 9992 10012 10070 10092 10150 10172 10230 10252 10310 10332 10390 10412 10470 10492 10550 10572 10630 10652 10711 10734 10794 10817 10877 10901 10961 10985 11045 11069 11129 11153 11213 11237 11297 11321 11381 11405 11465 11489 11549 11573 11633 11657 11717 11741 11801 11825 11885 11909 11969 11993 12053 12077 12137 12161 12221 12245 12305 12329 12389 12413 12473 12497 12572 12624 12647 12681 12687 12712 12746 12752 12777 12811 12817 12842 12876 12882 12907 12941 12947 12972 13006 13012 13037 13071 13077 13102 13136 13142 13167 13201 13207 13232 13266 13272 13297 13332 13338 13364 13399 13405 13431 13466 13472 13498 13533 13539 13565 13600 13606 13632 13667 13673 13699 13734 13740 13766 13801 13807 13833 13868 13874 13900 13935 13941 13967 14002 14008 14034 14069 14075 14101 14136 14142 14168 14203 14209 14235 14270 14276 14302 14337 14343 14369 14404 14410 14436 14471 14477 14503 14538 14544 14570 14605 14611 14637 14672 14678 14711 14746 14752 14763 14803 14837 14850 14857 14916 14957 14993 15001 15007 15049 15083 15096 15103 15162 15203 15239 15247 15253 15295 15329 15342 15349 15408 15449 15485 15493 15499 15541 15575 15588 15595 15654 15695 15731 15739 15745 15787 15821 15834 15841 15900 15941 15977 15985 15991 16033 16067 16080 16087 16146 16187 16223 16231 16237 16279 16313 16326 16333 16392 16433 16469 16477 16483 16525 16559 16572 16579 16638 16679 16715 16723 16729 16771 16805 16818 16825 16884 16925 16961 16969 16975 17017 17051 17064 17071 17130 17171 17207 17215 17221 17263 17298 17311 17318 17378 17419 17456 17464 17470 17513 17548 17561 17568 17628 17669 17706 17714 17720 17763 17798 17811 17818 17878 17919 17956 17964 17970 18013 18048 18061 18068 18128 18169 18206 18214 18220 18263 18298 18311 18318 18378 18419 18456 18464 18470 18513 18548 18561 18568 18628 18669 18706 18714 18720 18763 18798 18811 18818 18878 18919 18956 18964 18970 19013 19048 19061 19068 19128 19169 19206 19214 19220 19263 19298 19311 19318 19378 19419 19456 19464 19470 19513 19548 19561 19568 19628 19669 19706 19714 19720 19763 19798 19811 19818 19878 19919 19956 19964 19970 20013 20048 20061 20068 20128 20169 20206 20214 20220 20263 20298 20311 20318 20378 20419 20456 20464 20470 20513 20548 20561 20568 20628 20669 20706 20714 20720 20763 20798 20811 20818 20878 20919 20956 20964 20970 21013 21048 21061 21068 21128 21169 21206 21214 21220 21263 21298 21311 21318 21378 21419 21456 21464 21470 21513 21548 21561 21568 21628 21669 21706 21714 21720 21763 21798 21811 21818 21878 21919 21956 21964 21970 22013 22048 22061 22068 22128 22169 22206 22214 22220 22263 22298 22311 22318 22378 22419 22456 22464 22470 22475 22533 22572 22607 22620 22627 22687 22728 22765 22773 22779 22783 22816 22851 22886 22921 22923
file 11 ./dino_prp2/DualIssueHazardUnit.prp
filehash 11 13351310534348974039
filelines 11 23 0 403 422 453 480 549 620 691 762 833 904 975 1046 1117 1256 1316 1357 1408 1448 1484 1524 1556 1558
file 12 ./dino_prp2/ALUControl.prp
filehash 12 2432089495623656380
filelines 12 39 0 137 154 171 188 205 222 242 271 276 324 329 410 415 517 522 545 571 610 636 654 680 698 724 742 768 773 862 867 967 990 1016 1034 1045 1063 1067 1135 1159 1161
file 13 ./dino_prp2/StageReg.prp
filehash 13 16723292877472109532
filelines 13 28 0 216 233 259 276 297 315 339 359 374 385 408 434 451 464 489 533 559 567 573 578 655 698 702 742 774 796 798
file 14 ./dino_prp2/StageReg_10.prp
filehash 14 9203297993606745511
filelines 14 18 0 214 237 261 287 305 327 351 372 383 419 459 493 497 533 573 607 609
file 15 ./dino_prp2/StageReg_12.prp
filehash 15 12288936143647853869
filelines 15 14 0 183 210 240 258 287 313 324 374 418 422 472 516 518
file 16 ./dino_prp2/StageReg_8.prp
filehash 16 7817049667420168279
filelines 16 21 0 249 266 294 321 351 369 396 425 451 462 467 541 573 641 703 707 753 803 847 849
span 12187785946408762783 0 3504 3623 60
span 12560526438608737071 1 255 1245 4
span 16042177228064883454 2 0 3937 1
span 14246764866686613786 3 2017 2080 48
span 17538509015096271970 4 452 467 8
span 6625157817649114312 1 2241 3264 6
span 12230469295776426754 5 1527 1611 20
span 17582276457799242089 3 2163 2226 53
span 11751788932245444855 6 965 5740 26
span 4689435649361653893 7 14556 14759 167
span 13575527757928559189 8 1202 1237 34
span 18048209510581561210 9 923 953 29
span 8122031246418016313 8 1282 1318 36
span 17907178412187121951 5 926 1057 15
span 5426098276823982265 8 1122 1157 32
span 10514269849758516524 10 2320 4173 102
span 13488243099273407040 7 17552 17620 215
span 7822340009969609190 1 6328 7268 10
span 9269668491741622647 8 1445 1480 40
span 12781744271700933855 7 17508 17624 214
span 3058105226449711543 7 15417 15617 175
span 16666465361732521544 7 22433 22600 330
span 7723260622452929796 10 11253 11296 398
span 2722555829145889665 10 10668 10710 384
span 14580760061955283441 7 4105 4153 119
span 579183695742910674 0 1450 1493 35
span 5907293010618063662 10 12429 12472 426
span 8558765253659080799 5 1278 1408 18
span 10894670272833577754 11 0 1557 1
span 9223857465247022994 8 1042 1077 30
span 800737091457124742 10 1809 1815 73
span 5445721872684002968 0 1543 1588 37
span 1336218895597077984 4 733 782 22
span 3950352187938585050 0 967 1010 25
span 8679008461527480641 8 1363 1399 38
span 8372107193182833889 0 3974 4010 70
span 4707188652673460965 12 244 1066 8
span 6085627018099902719 10 2216 2223 96
span 15114906346378693862 7 6726 6809 132
span 13925875333355836865 10 2000 2007 84
span 9483950011811691399 7 14984 15187 171
span 10211246048324876184 10 1826 1832 74
span 8890945390703248523 13 582 654 21
span 2569001335003573902 1 4259 5331 8
span 3133828849581016961 3 1676 1715 38
span 2341114681881978511 7 4635 4744 127
span 13677418101725504953 10 11757 11800 410
span 7682439436351033119 1 7936 8599 12
span 4317687369818560317 7 17340 17401 210
span 15990084592602647920 10 1964 1971 82
span 9846522094584402014 8 2521 2587 58
span 14423619092580464706 0 3644 3732 61
span 3724115175637723406 7 2385 2428 48
span 8862680738203038576 7 17296 17405 209
span 5419569603795887890 6 1211 1254 34
span 17502829431280830578 10 10833 10876 388
span 11892194176556155760 5 0 1869 1
span 5531677525881014975 10 11421 11464 402
span 11167374823419103225 10 14767 15006 527
span 3907647801421573835 10 0 22922 1
span 9837072707743315904 1 148 252 3
span 15412045965803075673 10 2054 2061 87
span 14889613380937672151 8 0 3875 1
span 13883532717831145225 1 7271 7933 11
span 707816483988462226 7 949 25201 18
span 5856065265531583701 4 1019 1052 36
span 2623366176063064741 10 2198 2205 95
span 7996064891561119198 10 12009 12052 416
span 7390728027103611149 1 3267 4256 7
span 3926430848875529145 10 2270 2277 99
span 16017977445523410299 7 20797 20944 310
span 13225562386285855577 10 11085 11128 394
span 8796774995114871450 10 14873 14915 531
span 346323295413432766 13 659 697 22
span 2868033503433350802 9 480 490 8
span 7327366242151633574 0 1150 1193 29
span 13959595346615475047 2 1168 1259 13
span 8431234408160148616 10 2126 2133 91
span 17528399146632400138 3 1010 1027 14
span 16345225578989710443 14 243 256 3
span 16534780081739205676 10 11001 11044 392
span 318058074312232679 0 567 591 16
span 11619052793591012372 6 747 808 23
span 8404508672072814086 8 963 998 28
span 11101267410228436249 8 725 760 22
span 3010716638048929909 7 13731 14028 163
span 12662757711989216816 10 2288 2295 100
span 6080547591425099066 3 808 824 7
span 14613897885504142585 10 11505 11548 404
span 17667786724558822077 7 17652 18268 218
span 14833035906810199198 4 1244 1289 47
span 12103275224713468699 10 2234 2241 97
span 12355038178060364234 0 0 4105 1
span 6912381654110271084 10 1982 1989 83
span 4073120137424139075 7 3130 3170 63
span 11992509914588384687 7 20588 20715 308
span 1627590766239573533 13 239 254 3
span 17361018154545387589 3 754 771 5
span 5882961164235921136 9 1104 1145 37
span 6736883828132318370 7 17094 17200 204
span 8969419388446122685 7 7908 9001 141
span 7774497992816278859 3 982 1000 13
span 6945314936531237691 10 2162 2169 93
span 12242095258394740353 10 12261 12304 422
span 564631910705454760 10 2090 2097 89
span 8175839157285621841 3 781 798 6
span 13650143524087715027 3 918 942 11
span 8636074731077707403 0 3914 4014 69
span 9874372766301437196 13 282 293 5
span 16934161665874086200 2 1185 1259 13
span 16401024111630869424 10 10187 10229 372
span 16544397653887180258 3 1941 2012 47
span 16726537182402213447 10 11841 11884 412
span 8018121833574422089 2 2847 2940 37
span 16383059584765105427 10 2108 2115 90
span 13373645007896404822 8 804 839 24
span 1805345495871172535 3 1441 1498 31
span 2519840462247368756 13 591 654 21
span 7216153337752813125 12 1069 1134 36
span 5569301750749738750 3 952 972 12
span 9256344819884875567 3 888 908 10
span 6240729063679318963 0 1301 1344 32
span 4396966888138891917 7 15820 16020 178
span 11580455155772246996 10 1843 1849 75
span 7942228929809101931 7 4050 4157 118
span 9421273717218773729 4 524 537 11
span 3493089212434834096 10 10507 10549 380
span 14907082283641277453 5 1774 1846 24
span 7148681687048860874 7 1924 1926 36
span 1521244334099789923 7 16887 17002 199
span 7215681429244697358 7 20520 20575 303
span 12228104166972326879 8 1527 1562 42
span 9436116468818265531 6 563 670 21
span 9915105739780876023 7 16931 16998 200
span 1820633935037827976 10 10427 10469 378
span 9163008663981269143 13 389 572 11
span 3201745274347960797 13 265 271 4
span 11053633550950065196 10 10267 10309 374
span 11880552683504288656 1 1248 2238 5
span 1377241081587236478 12 0 1160 1
span 18051863232312651745 10 10107 10149 370
span 16352784507163414098 2 2710 2844 36
span 16843570447562399936 4 478 489 9
span 3430044870684965761 7 2932 2965 59
span 676409478273358274 4 548 559 12
span 345335170785202657 10 10027 10069 368
span 16981855607651310173 4 724 782 22
span 16466278183615120097 3 1625 1666 34
span 8751000584965122366 0 3831 3866 65
span 10449228946279472086 6 811 889 24
span 706986297380687721 10 2306 2313 101
span 15085627669448043409 7 16532 16596 190
span 996744299306926694 3 1037 1057 15
span 6318450688961387318 10 11337 11380 400
span 12347146500299717350 15 216 236 3
span 1460814038419644470 10 2036 2043 86
span 8347880888441535508 10 2252 2259 98
span 1496491102867222564 7 10433 10687 147
span 17083900272110450813 4 792 827 24
span 10815139953020490935 7 22045 22210 327
span 8687455161790880723 3 834 850 8
span 17303533212168572470 10 10347 10389 376
span 12010819602878008931 0 3796 3870 64
span 17086071270078818955 5 1791 1846 24
span 9912742253530238866 10 1792 1798 72
span 9263502360057687392 9 728 793 21
span 7746971236221057154 10 11589 11632 406
span 4347546319017018758 6 0 5766 1
span 5732469951380613881 10 14682 14751 523
span 9617683327159243889 0 1390 1433 34
span 6625918859509121732 16 272 290 3
span 2482809204169725088 0 607 650 17
span 11721111966664854623 10 1928 1935 80
span 3649739970357934431 10 11925 11968 414
span 4813654983452777211 10 12093 12136 418
span 7426602074672635526 3 1503 1560 32
span 13013869094215602729 10 2018 2025 85
span 333796355366225798 10 10917 10960 390
span 11986096011850079216 7 10346 10412 146
span 13194584463750764334 10 1911 1917 79
span 8894352290250369754 10 1894 1900 78
span 13800060359784810089 10 12177 12220 420
span 4171538521490431518 13 299 701 6
span 6801289994577565580 7 18906 19538 254
span 5951013452927714598 8 883 917 26
span 16153609955872102098 1 5334 6325 9
span 8938952605258997811 7 16488 16600 189
span 11516715667912732816 10 9949 9991 366
span 5200162409161360193 0 1058 1102 27
span 7089261239152424777 2 982 1071 11
span 2090768118072235818 9 501 510 9
span 11298773002135556251 0 697 740 19
span 18211458195276754235 7 6119 6202 131
span 2191282950771822039 10 2072 2079 88
span 6975697153482870223 4 903 934 30
span 5831944439596823307 10 1877 1883 77
span 8362101630265903994 6 4250 4294 58
span 2348202268688151788 10 10587 10629 382
span 16122676666839389281 12 1085 1134 36
span 2785918098827409900 10 12345 12388 424
span 6821264790051021749 2 1074 1165 12
span 8662879819228875794 0 3626 3732 61
span 3787897013687471273 3 860 878 9
span 17486736622555867053 9 428 441 6
span 15580477199136852513 7 20947 21061 311
span 1246702374787873655 8 3707 3756 77
span 2550288337617655020 4 435 441 7
span 13491799953460480347 7 21985 22038 325
span 10920044645387302373 3 2231 2288 54
span 1814189439799704895 10 1946 1953 81
span 609014678172692844 7 10128 10343 145
span 17012823171855596033 3 1865 1902 45
span 7789284139782383530 7 14146 14443 165
span 2122269778666431448 0 876 919 23
span 10389831525975823997 1 0 8624 1
span 3087692002067440927 8 2944 3137 67
span 5700647227677428173 7 11150 11216 150
span 13651210272359430143 10 1860 1866 76
span 7291038354719531314 8 2590 2656 59
span 14702852562916851177 13 0 797 1
span 396184037205319318 2 2943 3036 38
span 8968690661289392963 3 1565 1620 33
span 1835970640051312574 4 1133 1166 42
span 1593565610577930614 7 16294 16391 184
span 13697381354510185284 16 480 540 12
span 15650288559640017445 10 10750 10793 386
span 6287365932244424508 10 2180 2187 94
span 4756022906815491439 10 11169 11212 396
span 13977079355718615462 7 16684 16785 194
span 13388071997900871237 9 452 469 7
span 3133622772093724842 10 1758 1764 70
span 3226954145534350038 14 267 282 4
span 5703649700987594106 0 787 829 21
span 4648766271256672002 1 104 145 2
span 2767222723327681710 9 803 840 23
span 5104252391415075294 10 11673 11716 408
span 17702789745882811498 3 1401 1436 30
span 11964019254168900405 14 220 232 2
span 6221511160317800389 0 1241 1285 31
span 16209896541594326339 2 2960 3036 38
span 11294379860243736372 10 1775 1781 71
span 2493376311307025872 4 500 513 10
span 8988036877005452227 10 2144 2151 92
span 5684142493170871268 7 1938 1970 37
span 12734817557053516096 3 1720 1779 39
span 10443096152006468943 15 189 206 2
