hhds_srcmap 1
file 0 ./dino_prp2/DualIssueIssueUnit.prp
filehash 0 1660029794748255713
filelines 0 75 0 182 203 222 253 284 315 345 375 406 436 459 490 521 543 565 592 651 682 741 772 830 861 920 952 1011 1043 1103 1135 1194 1226 1286 1345 1374 1434 1494 1527 1589 1622 1679 1737 1795 1854 1913 1971 2029 2086 2144 2202 2260 2318 2377 2436 2494 2552 2610 2684 2758 2820 3502 3624 3733 3772 3794 3827 3867 3871 3886 3912 3970 4011 4015 4041 4104 4106
file 1 ./dino_prp2/DualIssueRegisterFile.prp
filehash 1 15549089919572060334
filelines 1 823 0 403 424 446 468 490 512 534 556 578 600 622 644 665 687 709 731 753 775 797 819 841 863 885 906 927 948 969 990 1011 1032 1053 1072 1090 1108 1126 1144 1162 1180 1198 1216 1234 1252 1270 1288 1306 1324 1342 1360 1378 1396 1414 1432 1450 1468 1486 1504 1522 1540 1558 1576 1594 1612 1630 1648 1666 1686 1708 1730 1752 1769 1786 1803 1820 1837 1854 1871 1888 1905 1922 1940 1958 1976 1994 2012 2030 2048 2066 2084 2102 2120 2138 2156 2174 2192 2210 2228 2246 2264 2282 2300 2318 2355 2360 2383 2417 2440 2474 2497 2531 2554 2588 2611 2645 2668 2702 2725 2759 2782 2816 2839 2873 2896 2931 2955 2990 3014 3049 3073 3108 3132 3167 3191 3226 3250 3285 3309 3344 3368 3403 3427 3462 3486 3521 3545 3580 3604 3639 3663 3698 3722 3757 3781 3816 3840 3875 3899 3934 3958 3993 4017 4052 4076 4111 4135 4146 4170 4174 4211 4216 4241 4275 4300 4334 4359 4393 4418 4452 4477 4511 4536 4570 4595 4629 4654 4688 4713 4747 4772 4807 4833 4868 4894 4929 4955 4990 5016 5051 5077 5112 5138 5173 5199 5234 5260 5295 5321 5356 5382 5417 5443 5478 5504 5539 5565 5600 5626 5661 5687 5722 5748 5783 5809 5844 5870 5905 5931 5966 5992 6027 6053 6064 6090 6094 6131 6136 6161 6195 6220 6254 6279 6313 6338 6372 6397 6431 6456 6490 6515 6549 6574 6608 6633 6667 6692 6727 6753 6788 6814 6849 6875 6910 6936 6971 6997 7032 7058 7093 7119 7154 7180 7215 7241 7276 7302 7337 7363 7398 7424 7459 7485 7520 7546 7581 7607 7642 7668 7703 7729 7764 7790 7825 7851 7886 7912 7947 7973 7984 8010 8014 8051 8056 8081 8115 8140 8174 8199 8233 8258 8292 8317 8351 8376 8410 8435 8469 8494 8528 8553 8587 8612 8647 8673 8708 8734 8769 8795 8830 8856 8891 8917 8952 8978 9013 9039 9074 9100 9135 9161 9196 9222 9257 9283 9318 9344 9379 9405 9440 9466 9501 9527 9562 9588 9623 9649 9684 9710 9745 9771 9806 9832 9867 9893 9904 9930 9934 9992 10012 10070 10092 10150 10172 10230 10252 10310 10332 10390 10412 10470 10492 10550 10572 10630 10652 10711 10734 10794 10817 10877 10901 10961 10985 11045 11069 11129 11153 11213 11237 11297 11321 11381 11405 11465 11489 11549 11573 11633 11657 11717 11741 11801 11825 11885 11909 11969 11993 12053 12077 12137 12161 12221 12245 12305 12329 12389 12413 12473 12497 12572 12624 12647 12681 12687 12712 12746 12752 12777 12811 12817 12842 12876 12882 12907 12941 12947 12972 13006 13012 13037 13071 13077 13102 13136 13142 13167 13201 13207 13232 13266 13272 13297 13332 13338 13364 13399 13405 13431 13466 13472 13498 13533 13539 13565 13600 13606 13632 13667 13673 13699 13734 13740 13766 13801 13807 13833 13868 13874 13900 13935 13941 13967 14002 14008 14034 14069 14075 14101 14136 14142 14168 14203 14209 14235 14270 14276 14302 14337 14343 14369 14404 14410 14436 14471 14477 14503 14538 14544 14570 14605 14611 14637 14672 14678 14711 14746 14752 14763 14803 14837 14850 14857 14916 14957 14993 15001 15007 15049 15083 15096 15103 15162 15203 15239 15247 15253 15295 15329 15342 15349 15408 15449 15485 15493 15499 15541 15575 15588 15595 15654 15695 15731 15739 15745 15787 15821 15834 15841 15900 15941 15977 15985 15991 16033 16067 16080 16087 16146 16187 16223 16231 16237 16279 16313 16326 16333 16392 16433 16469 16477 16483 16525 16559 16572 16579 16638 16679 16715 16723 16729 16771 16805 16818 16825 16884 16925 16961 16969 16975 17017 17051 17064 17071 17130 17171 17207 17215 17221 17263 17298 17311 17318 17378 17419 17456 17464 17470 17513 17548 17561 17568 17628 17669 17706 17714 17720 17763 17798 17811 17818 17878 17919 17956 17964 17970 18013 18048 18061 18068 18128 18169 18206 18214 18220 18263 18298 18311 18318 18378 18419 18456 18464 18470 18513 18548 18561 18568 18628 18669 18706 18714 18720 18763 18798 18811 18818 18878 18919 18956 18964 18970 19013 19048 19061 19068 19128 19169 19206 19214 19220 19263 19298 19311 19318 19378 19419 19456 19464 19470 19513 19548 19561 19568 19628 19669 19706 19714 19720 19763 19798 19811 19818 19878 19919 19956 19964 19970 20013 20048 20061 20068 20128 20169 20206 20214 20220 20263 20298 20311 20318 20378 20419 20456 20464 20470 20513 20548 20561 20568 20628 20669 20706 20714 20720 20763 20798 20811 20818 20878 20919 20956 20964 20970 21013 21048 21061 21068 21128 21169 21206 21214 21220 21263 21298 21311 21318 21378 21419 21456 21464 21470 21513 21548 21561 21568 21628 21669 21706 21714 21720 21763 21798 21811 21818 21878 21919 21956 21964 21970 22013 22048 22061 22068 22128 22169 22206 22214 22220 22263 22298 22311 22318 22378 22419 22456 22464 22470 22475 22533 22572 22607 22620 22627 22687 22728 22765 22773 22779 22783 22816 22851 22886 22921 22923
file 2 ./dino_prp2/StageReg.prp
filehash 2 16723292877472109532
filelines 2 28 0 216 233 259 276 297 315 339 359 374 385 408 434 451 464 489 533 559 567 573 578 655 698 702 742 774 796 798
file 3 ./dino_prp2/StageReg_2.prp
filehash 3 3687491674727045555
filelines 3 57 0 344 361 378 395 412 429 446 472 494 518 542 563 581 605 625 640 662 684 704 715 720 783 788 828 848 871 888 894 899 935 964 987 1004 1010 1015 1053 1078 1101 1118 1124 1129 1167 1194 1217 1234 1240 1290 1317 1321 1361 1393 1415 1451 1487 1519 1521
file 4 ./dino_prp2/StageReg_4.prp
filehash 4 11134653093066362173
filelines 4 68 0 697 714 731 748 775 802 828 854 882 912 946 976 1004 1031 1061 1079 1105 1132 1158 1187 1220 1245 1270 1299 1326 1355 1381 1392 1397 1437 1499 1561 1621 1644 1661 1667 1672 1716 1780 1810 1833 1850 1856 1861 1903 1937 2013 2081 2104 2121 2127 2159 2227 2289 2293 2337 2383 2427 2477 2535 2577 2619 2669 2715 2765 2809 2811
file 5 ./dino_prp2/StageReg_8.prp
filehash 5 7817049667420168279
filelines 5 21 0 249 266 294 321 351 369 396 425 451 462 467 541 573 641 703 707 753 803 847 849
file 6 ./dino_prp2/StageReg_10.prp
filehash 6 9203297993606745511
filelines 6 18 0 214 237 261 287 305 327 351 372 383 419 459 493 497 533 573 607 609
file 7 ./dino_prp2/StageReg_12.prp
filehash 7 12288936143647853869
filelines 7 14 0 183 210 240 258 287 313 324 374 418 422 472 516 518
file 8 ./dino_prp2/StageReg_6.prp
filehash 8 7233361211095308102
filelines 8 51 0 354 371 388 405 422 446 474 495 514 540 561 579 601 625 645 671 690 708 719 724 794 799 841 868 891 908 914 919 954 985 1008 1025 1031 1036 1076 1100 1146 1169 1186 1192 1221 1271 1275 1311 1351 1383 1427 1457 1485 1487
file 9 ./dino_prp2/ImmediateGenerator.prp
filehash 9 3781954684664952540
filelines 9 15 0 102 146 253 1246 2239 3265 4257 5332 6326 7269 7934 8600 8623 8625
file 10 ./dino_prp2/Control.prp
filehash 10 17549580833692210164
filelines 10 80 0 216 237 258 279 300 321 340 369 398 426 454 481 508 536 564 592 619 647 668 689 710 761 789 840 868 918 948 999 1027 1078 1107 1158 1187 1238 1267 1319 1348 1400 1429 1481 1511 1563 1614 1738 1769 1820 1873 1945 1997 2041 2130 2230 2402 2423 2439 2443 2519 2588 2657 2732 2799 2872 2892 2922 2938 2942 3138 3203 3227 3346 3377 3393 3397 3466 3487 3705 3757 3874 3876
file 11 ./dino_prp2/ALUControl.prp
filehash 11 2432089495623656380
filelines 11 39 0 137 154 171 188 205 222 242 271 276 324 329 410 415 517 522 545 571 610 636 654 680 698 724 742 768 773 862 867 967 990 1016 1034 1045 1063 1067 1135 1159 1161
file 12 ./dino_prp2/DualIssueForwardingUnit.prp
filehash 12 5651259125202624367
filelines 12 53 0 400 470 526 596 652 721 777 846 902 980 1072 1166 1260 1290 1361 1418 1489 1546 1616 1673 1743 1800 1881 1976 2072 2168 2198 2269 2326 2397 2454 2524 2581 2651 2708 2845 2941 3037 3067 3138 3195 3266 3323 3393 3450 3520 3577 3714 3810 3906 3936 3938
file 13 ./dino_prp2/DualIssueHazardUnit.prp
filehash 13 13351310534348974039
filelines 13 23 0 403 422 453 480 549 620 691 762 833 904 975 1046 1117 1256 1316 1357 1408 1448 1484 1524 1556 1558
file 14 ./dino_prp2/ALU.prp
filehash 14 3976432345047998552
filelines 14 89 0 98 115 133 151 168 185 202 232 262 291 321 351 381 398 415 432 449 466 486 561 671 745 809 890 963 1003 1008 1046 1083 1088 1143 1170 1207 1255 1260 1834 1857 1894 1943 1948 2598 2621 2658 2707 2712 3318 3341 3378 3416 3453 3491 3528 3576 3581 4186 4209 4246 4295 4300 4911 4934 4971 4976 5057 5084 5122 5174 5212 5217 5299 5326 5364 5369 5425 5452 5490 5495 5552 5580 5618 5623 5680 5708 5719 5737 5741 5765 5767
file 15 ./dino_prp2/DualIssueNextPC.prp
filehash 15 751804293209648847
filelines 15 27 0 204 223 273 331 381 439 489 572 622 706 756 814 865 924 1058 1174 1276 1409 1525 1612 1697 1719 1772 1847 1868 1870
file 16 ./dino_prp2/PipelinedDualIssueCPU.prp
filehash 16 17979340170295442937
filelines 16 358 0 30 81 123 213 291 366 432 516 591 636 690 744 795 846 897 948 949 1346 1364 1409 1444 1483 1528 1563 1602 1622 1644 1666 1688 1730 1763 1805 1838 1878 1918 1931 1975 2019 2070 2112 2155 2176 2227 2269 2312 2333 2378 2432 2477 2531 2581 2631 2675 2728 2778 2828 2872 2925 2970 3024 3069 3123 3174 3212 3263 3301 3304 3307 3310 3313 3316 3319 3322 3325 3328 3331 3334 3337 3340 3343 3346 3349 3352 3355 3358 3361 3364 3367 3370 3373 3376 3379 3382 3385 3388 3391 3394 3397 3440 3483 3523 3544 3564 3611 3658 3679 3700 3721 3742 3763 3785 3806 3828 3850 3902 3975 4048 4101 4154 4158 4210 4244 4297 4350 4354 4388 4745 4828 4911 5596 6203 6810 6921 6967 7078 7124 7459 7515 7850 7906 9002 9083 9164 10108 10344 10413 10688 10757 11148 11217 11608 11677 12351 12434 12517 12606 12691 13365 13448 13531 13620 13705 14029 14120 14444 14535 14760 14825 14892 14963 15188 15253 15320 15391 15618 15703 15794 16021 16106 16126 16178 16269 16292 16334 16388 16392 16459 16486 16528 16597 16601 16657 16682 16724 16782 16786 16856 16885 16927 16999 17003 17064 17092 17134 17197 17201 17265 17294 17336 17402 17406 17477 17506 17548 17621 17625 17650 17699 17704 17750 17796 17844 17890 17938 17984 18023 18069 18108 18154 18172 18218 18236 18247 18265 18269 18318 18323 18371 18417 18467 18513 18563 18609 18650 18696 18737 18783 18803 18849 18869 18880 18900 18904 18953 18958 19006 19052 19072 19118 19168 19214 19264 19310 19351 19397 19438 19484 19504 19515 19535 19539 19588 19593 19641 19687 19707 19753 19803 19849 19899 19945 19986 20032 20073 20119 20139 20150 20170 20174 20192 20203 20214 20251 20258 20265 20272 20415 20434 20447 20490 20506 20514 20534 20568 20576 20582 20586 20716 20795 20945 21062 21195 21228 21267 21317 21363 21367 21446 21596 21713 21846 21902 21941 21981 22039 22043 22211 22320 22431 22601 22734 22877 23206 23252 23310 23361 23365 23466 23842 23909 23984 24045 24104 24150 24221 24279 24330 24334 24435 24804 24871 24946 25007 25066 25137 25200 25202
span 14423619092580464706 0 3644 3732 61
span 12010819602878008931 0 3796 3870 64
span 8636074731077707403 0 3914 4014 69
span 13069603898948683789 0 4043 4103 73
span 12355038178060364234 0 0 4105 1
span 318058074312232679 0 567 591 16
span 2482809204169725088 0 607 650 17
span 11298773002135556251 0 697 740 19
span 5703649700987594106 0 787 829 21
span 2122269778666431448 0 876 919 23
span 3950352187938585050 0 967 1010 25
span 5200162409161360193 0 1058 1102 27
span 7327366242151633574 0 1150 1193 29
span 6221511160317800389 0 1241 1285 31
span 6240729063679318963 0 1301 1344 32
span 9617683327159243889 0 1390 1433 34
span 579183695742910674 0 1450 1493 35
span 5445721872684002968 0 1543 1588 37
span 16485490277110710660 0 2822 3501 59
span 12187785946408762783 0 3504 3623 60
span 8662879819228875794 0 3626 3732 61
span 8751000584965122366 0 3831 3866 65
span 8372107193182833889 0 3974 4010 70
span 10514269849758516524 1 2320 4173 102
span 12306073716740843385 1 4176 6093 168
span 5063212340168967652 1 6096 8013 234
span 13698674202488154693 1 8016 9933 300
span 3907647801421573835 1 0 22922 1
span 3133622772093724842 1 1758 1764 70
span 11294379860243736372 1 1775 1781 71
span 9912742253530238866 1 1792 1798 72
span 800737091457124742 1 1809 1815 73
span 10211246048324876184 1 1826 1832 74
span 11580455155772246996 1 1843 1849 75
span 13651210272359430143 1 1860 1866 76
span 5831944439596823307 1 1877 1883 77
span 8894352290250369754 1 1894 1900 78
span 13194584463750764334 1 1911 1917 79
span 11721111966664854623 1 1928 1935 80
span 1814189439799704895 1 1946 1953 81
span 15990084592602647920 1 1964 1971 82
span 6912381654110271084 1 1982 1989 83
span 13925875333355836865 1 2000 2007 84
span 13013869094215602729 1 2018 2025 85
span 1460814038419644470 1 2036 2043 86
span 15412045965803075673 1 2054 2061 87
span 2191282950771822039 1 2072 2079 88
span 564631910705454760 1 2090 2097 89
span 16383059584765105427 1 2108 2115 90
span 8431234408160148616 1 2126 2133 91
span 8988036877005452227 1 2144 2151 92
span 6945314936531237691 1 2162 2169 93
span 6287365932244424508 1 2180 2187 94
span 2623366176063064741 1 2198 2205 95
span 6085627018099902719 1 2216 2223 96
span 12103275224713468699 1 2234 2241 97
span 8347880888441535508 1 2252 2259 98
span 3926430848875529145 1 2270 2277 99
span 12662757711989216816 1 2288 2295 100
span 706986297380687721 1 2306 2313 101
span 11516715667912732816 1 9949 9991 366
span 345335170785202657 1 10027 10069 368
span 18051863232312651745 1 10107 10149 370
span 16401024111630869424 1 10187 10229 372
span 11053633550950065196 1 10267 10309 374
span 17303533212168572470 1 10347 10389 376
span 1820633935037827976 1 10427 10469 378
span 3493089212434834096 1 10507 10549 380
span 2348202268688151788 1 10587 10629 382
span 2722555829145889665 1 10668 10710 384
span 15650288559640017445 1 10750 10793 386
span 17502829431280830578 1 10833 10876 388
span 333796355366225798 1 10917 10960 390
span 16534780081739205676 1 11001 11044 392
span 13225562386285855577 1 11085 11128 394
span 4756022906815491439 1 11169 11212 396
span 7723260622452929796 1 11253 11296 398
span 6318450688961387318 1 11337 11380 400
span 5531677525881014975 1 11421 11464 402
span 14613897885504142585 1 11505 11548 404
span 7746971236221057154 1 11589 11632 406
span 5104252391415075294 1 11673 11716 408
span 13677418101725504953 1 11757 11800 410
span 16726537182402213447 1 11841 11884 412
span 3649739970357934431 1 11925 11968 414
span 7996064891561119198 1 12009 12052 416
span 4813654983452777211 1 12093 12136 418
span 13800060359784810089 1 12177 12220 420
span 12242095258394740353 1 12261 12304 422
span 2785918098827409900 1 12345 12388 424
span 5907293010618063662 1 12429 12472 426
span 14014218192763421300 1 12574 22782 429
span 8051411786962806175 1 12628 12686 430
span 10286698400460054515 1 12691 12751 433
span 15073524645513979810 1 12756 12816 436
span 17550805687299768750 1 12821 12881 439
span 2528212181806653202 1 12886 12946 442
span 16165816466826656526 1 12951 13011 445
span 15958635180101684394 1 13016 13076 448
span 6258408101179958540 1 13081 13141 451
span 3161400444417133996 1 13146 13206 454
span 10547439229993652879 1 13211 13271 457
span 14799591163196845684 1 13276 13337 460
span 3177418654229232072 1 13342 13404 463
span 3343064215328378154 1 13409 13471 466
span 10482298408639509242 1 13476 13538 469
span 5313044091126195050 1 13543 13605 472
span 649752059703977760 1 13610 13672 475
span 1371955662345305985 1 13677 13739 478
span 12007959035022461617 1 13744 13806 481
span 1854945872388925231 1 13811 13873 484
span 5395824546177678919 1 13878 13940 487
span 13005720624406863126 1 13945 14007 490
span 2486716835001930489 1 14012 14074 493
span 8389861624859960212 1 14079 14141 496
span 6624261064054711566 1 14146 14208 499
span 9424061091348065387 1 14213 14275 502
span 7831079877918247063 1 14280 14342 505
span 13311788478990047143 1 14347 14409 508
span 5437707824186403815 1 14414 14476 511
span 14745686371332493470 1 14481 14543 514
span 11825780422105743855 1 14548 14610 517
span 13361523343167904623 1 14615 14677 520
span 5732469951380613881 1 14682 14751 523
span 11167374823419103225 1 14767 15006 527
span 3902996705856327444 1 14863 14915 531
span 8796774995114871450 1 14873 14915 531
span 11084686816975425809 1 14922 15000 532
span 5729735027344949169 1 15011 15252 536
span 4801851712789094969 1 15109 15161 540
span 17513714056886331983 1 15119 15161 540
span 13186419996551417280 1 15168 15246 541
span 13370857452827831460 1 15257 15498 545
span 15931523051368883828 1 15355 15407 549
span 5832332640675772 1 15365 15407 549
span 7191093932778082230 1 15414 15492 550
span 14297129670631474119 1 15503 15744 554
span 6573448226261603775 1 15601 15653 558
span 10774218511891633692 1 15611 15653 558
span 5056693795562610442 1 15660 15738 559
span 5125832723925905531 1 15749 15990 563
span 7549882793335326733 1 15847 15899 567
span 64478704544479074 1 15857 15899 567
span 7860417256302751858 1 15906 15984 568
span 10494128823256988581 1 15995 16236 572
span 4609504356532731080 1 16093 16145 576
span 10926749306852488223 1 16103 16145 576
span 6865676805287673908 1 16152 16230 577
span 8954710871760648146 1 16241 16482 581
span 17969796711819274348 1 16339 16391 585
span 15232608531483550953 1 16349 16391 585
span 3037369254988559420 1 16398 16476 586
span 240371192586051060 1 16487 16728 590
span 1611423820302419665 1 16585 16637 594
span 3042902853822198231 1 16595 16637 594
span 11068783425347881297 1 16644 16722 595
span 12871116254542510124 1 16733 16974 599
span 5997999163716472858 1 16831 16883 603
span 3164396308571540532 1 16841 16883 603
span 14305417189674941790 1 16890 16968 604
span 8638331329883489673 1 16979 17220 608
span 8842372265917748151 1 17077 17129 612
span 8797669589910662055 1 17087 17129 612
span 554240563205060273 1 17136 17214 613
span 13394122185510837578 1 17225 17469 617
span 6433434346049851215 1 17324 17377 621
span 1822702358625311987 1 17334 17377 621
span 8880199327213494020 1 17384 17463 622
span 5760179218937669078 1 17474 17719 626
span 8630173420481422212 1 17574 17627 630
span 3020933724813517415 1 17584 17627 630
span 2246704850075369727 1 17634 17713 631
span 15877956986819433866 1 17724 17969 635
span 13806267927208375188 1 17824 17877 639
span 1380729064197056453 1 17834 17877 639
span 13150053140941739418 1 17884 17963 640
span 16036444660563187386 1 17974 18219 644
span 10679973966270813004 1 18074 18127 648
span 16916413144495901552 1 18084 18127 648
span 72336648521999573 1 18134 18213 649
span 17030012238539668076 1 18224 18469 653
span 9507575160778530464 1 18324 18377 657
span 5511178035217094071 1 18334 18377 657
span 5301520178720740054 1 18384 18463 658
span 10250998521663905406 1 18474 18719 662
span 18272123536819918108 1 18574 18627 666
span 12096025432369402202 1 18584 18627 666
span 603953702294351826 1 18634 18713 667
span 466194517321927050 1 18724 18969 671
span 15275212729524421410 1 18824 18877 675
span 8070383624970691418 1 18834 18877 675
span 13381422610800908808 1 18884 18963 676
span 14696735472405364714 1 18974 19219 680
span 7154303862039075347 1 19074 19127 684
span 9544969289218351942 1 19084 19127 684
span 3522074799596897664 1 19134 19213 685
span 960881250396812490 1 19224 19469 689
span 5454508547132335015 1 19324 19377 693
span 8543494508267844059 1 19334 19377 693
span 8663061248906093580 1 19384 19463 694
span 1977096532773183316 1 19474 19719 698
span 18162813095081221400 1 19574 19627 702
span 2467198267113623273 1 19584 19627 702
span 3007434868457706969 1 19634 19713 703
span 6528122138726282662 1 19724 19969 707
span 5879869127765127339 1 19824 19877 711
span 6697495769172166034 1 19834 19877 711
span 9146003231851456225 1 19884 19963 712
span 1537266709182052635 1 19974 20219 716
span 13551751439746282299 1 20074 20127 720
span 984188589908355206 1 20084 20127 720
span 13874593678860798313 1 20134 20213 721
span 12062608793685765272 1 20224 20469 725
span 5566820402043874155 1 20324 20377 729
span 17592886308646692295 1 20334 20377 729
span 1292515164786663666 1 20384 20463 730
span 6307507266044089151 1 20474 20719 734
span 18132061722257278058 1 20574 20627 738
span 3483734571757971726 1 20584 20627 738
span 16782290805260770458 1 20634 20713 739
span 840367122598251348 1 20724 20969 743
span 5410164108753110196 1 20824 20877 747
span 3676936348147066088 1 20834 20877 747
span 4434037855371479693 1 20884 20963 748
span 2232830040725450600 1 20974 21219 752
span 11093334506076980228 1 21074 21127 756
span 16349970180110289607 1 21084 21127 756
span 14898641402760634719 1 21134 21213 757
span 17944922408373335247 1 21224 21469 761
span 4933054713957500333 1 21324 21377 765
span 1754547806803043029 1 21334 21377 765
span 5633311429090599021 1 21384 21463 766
span 3006879025383662204 1 21474 21719 770
span 9302578604652188117 1 21574 21627 774
span 6458748929630988503 1 21584 21627 774
span 5904458291385431998 1 21634 21713 775
span 7196456758103011687 1 21724 21969 779
span 18157822569478919944 1 21824 21877 783
span 3016256135882108563 1 21834 21877 783
span 2885484738694834427 1 21884 21963 784
span 16710688071551797227 1 21974 22219 788
span 6049861470580948878 1 22074 22127 792
span 12662162445271062900 1 22084 22127 792
span 10724254171561706701 1 22134 22213 793
span 10600194558771972744 1 22224 22469 797
span 17866587370252918305 1 22324 22377 801
span 4719890009197872894 1 22334 22377 801
span 15121305116341137356 1 22384 22463 802
span 1487551629947373975 1 22479 22532 807
span 1201758616846771553 1 22489 22532 807
span 14341364150943034561 1 22537 22778 808
span 837454437504848074 1 22633 22686 812
span 3966478988951393475 1 22643 22686 812
span 6761326783972964191 1 22693 22772 813
span 1627590766239573533 2 239 254 3
span 3201745274347960797 2 265 271 4
span 9874372766301437196 2 282 293 5
span 14702852562916851177 2 0 797 1
span 4171538521490431518 2 299 701 6
span 9163008663981269143 2 389 572 11
span 5644972526031745653 2 470 566 15
span 8890945390703248523 2 582 654 21
span 2519840462247368756 2 591 654 21
span 346323295413432766 2 659 697 22
span 2550288337617655020 3 435 441 7
span 17538509015096271970 3 452 467 8
span 16843570447562399936 3 478 489 9
span 2493376311307025872 3 500 513 10
span 9421273717218773729 3 524 537 11
span 676409478273358274 3 548 559 12
span 3680584903377366057 3 0 1520 1
span 7001998985885343402 3 565 1320 13
span 16981855607651310173 3 724 782 22
span 1336218895597077984 3 733 782 22
span 17083900272110450813 3 792 827 24
span 7844301136329891432 3 852 893 26
span 6975697153482870223 3 903 934 30
span 6819313439208739228 3 968 1009 32
span 5856065265531583701 3 1019 1052 36
span 15360124239599167001 3 1082 1123 38
span 1835970640051312574 3 1133 1166 42
span 14714631193575501598 3 1198 1239 44
span 14833035906810199198 3 1244 1289 47
span 17361018154545387589 4 754 771 5
span 8175839157285621841 4 781 798 6
span 6080547591425099066 4 808 824 7
span 8687455161790880723 4 834 850 8
span 3787897013687471273 4 860 878 9
span 9256344819884875567 4 888 908 10
span 13650143524087715027 4 918 942 11
span 5569301750749738750 4 952 972 12
span 7774497992816278859 4 982 1000 13
span 17528399146632400138 4 1010 1027 14
span 996744299306926694 4 1037 1057 15
span 5454054572540134869 4 0 2810 1
span 9817749772217793016 4 1063 2292 16
span 17702789745882811498 4 1401 1436 30
span 1805345495871172535 4 1441 1498 31
span 7426602074672635526 4 1503 1560 32
span 8968690661289392963 4 1565 1620 33
span 16466278183615120097 4 1625 1666 34
span 3133828849581016961 4 1676 1715 38
span 12734817557053516096 4 1720 1779 39
span 10381054567117993409 4 1814 1855 41
span 17012823171855596033 4 1865 1902 45
span 16544397653887180258 4 1941 2012 47
span 14246764866686613786 4 2017 2080 48
span 17476435087155480570 4 2085 2126 49
span 17582276457799242089 4 2163 2226 53
span 10920044645387302373 4 2231 2288 54
span 6625918859509121732 5 272 290 3
span 822433929267794214 5 300 317 4
span 13976781649238061262 5 327 347 5
span 10321634149372213543 5 0 848 1
span 10885918448560670326 5 353 706 6
span 6752951490569263034 5 471 540 12
span 13697381354510185284 5 480 540 12
span 15722123731847869368 5 577 640 14
span 8141941051482947691 5 645 702 15
span 11964019254168900405 6 220 232 2
span 16345225578989710443 6 243 256 3
span 3226954145534350038 6 267 282 4
span 7662382315897598069 6 289 496 5
span 10443096152006468943 7 189 206 2
span 12347146500299717350 7 216 236 3
span 302403277074490083 7 242 421 4
span 17486736622555867053 8 428 441 6
span 13388071997900871237 8 452 469 7
span 2868033503433350802 8 480 490 8
span 2090768118072235818 8 501 510 9
span 17640125800843605855 8 520 535 10
span 7299831007395098297 8 546 557 11
span 11781178441818001044 8 0 1486 1
span 4002147864702745114 8 563 1274 12
span 9263502360057687392 8 728 793 21
span 425963702179549605 8 737 793 21
span 2767222723327681710 8 803 840 23
span 10918920106162222073 8 872 913 25
span 18048209510581561210 8 923 953 29
span 14208863753122033490 8 989 1030 31
span 5160946730678987927 8 1040 1075 35
span 5882961164235921136 8 1104 1145 37
span 11943764234423840350 8 1150 1191 38
span 15286810772093021208 8 1225 1270 42
span 11510411471245283124 9 7954 8599 12
span 10389831525975823997 9 0 8624 1
span 4648766271256672002 9 104 145 2
span 9837072707743315904 9 148 252 3
span 12560526438608737071 9 255 1245 4
span 11880552683504288656 9 1248 2238 5
span 6625157817649114312 9 2241 3264 6
span 7390728027103611149 9 3267 4256 7
span 2569001335003573902 9 4259 5331 8
span 16153609955872102098 9 5334 6325 9
span 7822340009969609190 9 6328 7268 10
span 13883532717831145225 9 7271 7933 11
span 7682439436351033119 9 7936 8599 12
span 4696283685727199347 10 2132 2229 52
span 5675921557063186420 10 2043 2129 51
span 4356901907666723551 10 2232 2401 53
span 6948370689915993779 10 2676 2731 60
span 15737804775955637413 10 2801 2871 62
span 7554195644265567065 10 2961 3137 67
span 11954405960871501263 10 3229 3345 70
span 512106186066263019 10 3416 3465 74
span 1246702374787873655 10 3707 3756 77
span 16888618119448955964 10 3489 3704 76
span 8663555698477138349 10 3759 3873 78
span 14889613380937672151 10 0 3875 1
span 11101267410228436249 10 725 760 22
span 13373645007896404822 10 804 839 24
span 5951013452927714598 10 883 917 26
span 8404508672072814086 10 963 998 28
span 9223857465247022994 10 1042 1077 30
span 5426098276823982265 10 1122 1157 32
span 13575527757928559189 10 1202 1237 34
span 8122031246418016313 10 1282 1318 36
span 8679008461527480641 10 1363 1399 38
span 9269668491741622647 10 1445 1480 40
span 12228104166972326879 10 1527 1562 42
span 7837015441817459515 10 1616 1737 44
span 10538529325490320615 10 1771 1819 46
span 7673869762076347096 10 2445 2518 57
span 9846522094584402014 10 2521 2587 58
span 7291038354719531314 10 2590 2656 59
span 746412726187489689 10 2659 2731 60
span 3087692002067440927 10 2944 3137 67
span 1136866413387843042 10 3399 3465 74
span 16122676666839389281 11 1085 1134 36
span 1377241081587236478 11 0 1160 1
span 4707188652673460965 11 244 1066 8
span 7216153337752813125 11 1069 1134 36
span 16934161665874086200 12 1185 1259 13
span 17971600770442362246 12 2091 2167 26
span 16209896541594326339 12 2960 3036 38
span 9258531250536542486 12 3829 3905 50
span 16042177228064883454 12 0 3937 1
span 7089261239152424777 12 982 1071 11
span 6821264790051021749 12 1074 1165 12
span 13959595346615475047 12 1168 1259 13
span 5953250604698970153 12 1883 1975 24
span 1311815783067179396 12 1978 2071 25
span 7777998288201164846 12 2074 2167 26
span 14135282049561931965 12 2597 2650 34
span 16352784507163414098 12 2710 2844 36
span 8018121833574422089 12 2847 2940 37
span 396184037205319318 12 2943 3036 38
span 15048547879964323788 12 3466 3519 46
span 308378029069464365 12 3579 3713 48
span 14288426399353961492 12 3716 3809 49
span 13590251717018052663 12 3812 3905 50
span 13226391129503438677 13 482 548 5
span 14131541574069230062 13 1258 1315 15
span 17675482908146820311 13 1359 1407 17
span 10894670272833577754 13 0 1557 1
span 2735827860037897773 13 1119 1255 14
span 11751788932245444855 14 965 5740 26
span 4347546319017018758 14 0 5766 1
span 4015762900222385162 14 488 560 20
span 9436116468818265531 14 563 670 21
span 3882161634417723071 14 673 744 22
span 11619052793591012372 14 747 808 23
span 10449228946279472086 14 811 889 24
span 5419569603795887890 14 1211 1254 34
span 12174664004346071577 14 1898 1942 39
span 1413335724775487764 14 2662 2706 44
span 7724135193633073595 14 3532 3575 53
span 8362101630265903994 14 4250 4294 58
span 16475054211791641492 15 1632 1696 21
span 17086071270078818955 15 1791 1846 24
span 11892194176556155760 15 0 1869 1
span 17907178412187121951 15 926 1057 15
span 17947514787702179147 15 1060 1173 16
span 129323011595070354 15 1176 1275 17
span 8558765253659080799 15 1278 1408 18
span 10092189834559459188 15 1411 1524 19
span 12230469295776426754 15 1527 1611 20
span 12065730155723112682 15 1614 1696 21
span 14907082283641277453 15 1774 1846 24
span 7148681687048860874 16 1924 1926 36
span 1593565610577930614 16 16294 16391 184
span 8938952605258997811 16 16488 16600 189
span 13977079355718615462 16 16684 16785 194
span 1521244334099789923 16 16887 17002 199
span 6736883828132318370 16 17094 17200 204
span 8862680738203038576 16 17296 17405 209
span 12781744271700933855 16 17508 17624 214
span 707816483988462226 16 949 25201 18
span 2341114681881978511 16 4635 4744 127
span 3219650336344909078 16 4929 5595 130
span 609014678172692844 16 10128 10343 145
span 11986096011850079216 16 10346 10412 146
span 1496491102867222564 16 10433 10687 147
span 9920157380412028241 16 10690 10756 148
span 10064030654113682575 16 10777 11147 149
span 5700647227677428173 16 11150 11216 150
span 8488492091061922512 16 11237 11607 151
span 17479118817591091376 16 11610 11676 152
span 16460215383985003470 16 11702 12350 153
span 2993419605399964836 16 12716 13364 158
span 3010716638048929909 16 13731 14028 163
span 7789284139782383530 16 14146 14443 165
span 4689435649361653893 16 14556 14759 167
span 238492092768375303 16 14894 14962 170
span 9483950011811691399 16 14984 15187 171
span 13389588409285305920 16 15322 15390 174
span 3058105226449711543 16 15417 15617 175
span 4396966888138891917 16 15820 16020 178
span 15085627669448043409 16 16532 16596 190
span 9915105739780876023 16 16931 16998 200
span 3277299711139922421 16 17138 17196 205
span 2423363694636849305 16 20176 20585 290
span 11992509914588384687 16 20588 20715 308
span 16017977445523410299 16 20797 20944 310
span 15580477199136852513 16 20947 21061 311
span 10816321307963671173 16 21269 21366 315
span 12909427297991715427 16 21321 21362 316
span 5457459108875606383 16 21448 21595 319
span 7762161302419766105 16 21598 21712 320
span 10693706750614186103 16 21943 22042 324
span 13491799953460480347 16 21985 22038 325
span 10815139953020490935 16 22045 22210 327
span 8083671130016596910 16 22213 22319 328
span 3480684197037650377 16 22322 22430 329
span 16666465361732521544 16 22433 22600 330
span 8661852990260537746 16 22603 22733 331
span 10664393142601413685 16 22736 22876 332
span 14900495467736855773 16 23254 23364 335
span 11194029460342188991 16 23314 23360 336
span 2786265973318102751 16 23367 23465 338
span 14832073478320146422 16 23487 23841 339
span 5331687120461066554 16 23844 23908 340
span 9041520715894447139 16 24152 24220 345
span 12178985778560926509 16 24223 24333 346
span 9784886657764903146 16 24283 24329 347
span 3748506568858896529 16 24336 24434 349
span 9622946179907484699 16 24456 24803 350
span 2871404935846468819 16 24806 24870 351
span 7343826653400519035 16 25068 25136 355
span 5684142493170871268 16 1938 1970 37
span 461861293069959795 16 1982 2014 38
span 3724115175637723406 16 2385 2428 48
span 17930650841868540749 16 2484 2527 50
span 3430044870684965761 16 2932 2965 59
span 7021374392403158703 16 2977 3020 60
span 4105761084195113348 16 3031 3064 61
span 6971931403834838540 16 3076 3119 62
span 4073120137424139075 16 3130 3170 63
span 4000708152955110815 16 3219 3259 65
span 1619303771920759119 16 3404 3435 99
span 17052925250599565128 16 3447 3478 100
span 3860051701462956460 16 3490 3519 101
span 14580760061955283441 16 4105 4153 119
span 11153383073511970151 16 4301 4349 124
span 7789497457137460339 16 20278 20414 297
span 15987701792731656527 16 16338 16387 185
span 12218980392587304726 16 16728 16781 195
span 4317687369818560317 16 17340 17401 210
span 13488243099273407040 16 17552 17620 215
span 18211458195276754235 16 6119 6202 131
span 15114906346378693862 16 6726 6809 132
span 8090671533566162594 16 8215 9001 141
span 7942228929809101931 16 4050 4157 118
span 2672406683919829134 16 4246 4353 123
span 8969419388446122685 16 7908 9001 141
span 9866545408709403719 16 9533 10107 144
span 9711104154664420608 16 20288 20414 297
span 17667786724558822077 16 17652 18268 218
span 16918217355111189797 16 18271 18903 236
span 6801289994577565580 16 18906 19538 254
span 8307649920466318858 16 19541 20173 272
span 5656109718452409923 16 20218 20581 293
span 13129638051592067274 16 20453 20489 300
span 7215681429244697358 16 20520 20575 303
span 11077430419757024527 16 22984 23205 333
span 7728777946463372321 16 22879 23205 333
