hhds_srcmap 1
file 0 ./dino_prp/DualIssueIssueUnit.prp
filehash 0 1660029794748255713
filelines 0 75 0 182 203 222 253 284 315 345 375 406 436 459 490 521 543 565 592 651 682 741 772 830 861 920 952 1011 1043 1103 1135 1194 1226 1286 1345 1374 1434 1494 1527 1589 1622 1679 1737 1795 1854 1913 1971 2029 2086 2144 2202 2260 2318 2377 2436 2494 2552 2610 2684 2758 2820 3502 3624 3733 3772 3794 3827 3867 3871 3886 3912 3970 4011 4015 4041 4104 4106
file 1 ./dino_prp/DualIssueRegisterFile.prp
filehash 1 15549089919572060334
filelines 1 823 0 403 424 446 468 490 512 534 556 578 600 622 644 665 687 709 731 753 775 797 819 841 863 885 906 927 948 969 990 1011 1032 1053 1072 1090 1108 1126 1144 1162 1180 1198 1216 1234 1252 1270 1288 1306 1324 1342 1360 1378 1396 1414 1432 1450 1468 1486 1504 1522 1540 1558 1576 1594 1612 1630 1648 1666 1686 1708 1730 1752 1769 1786 1803 1820 1837 1854 1871 1888 1905 1922 1940 1958 1976 1994 2012 2030 2048 2066 2084 2102 2120 2138 2156 2174 2192 2210 2228 2246 2264 2282 2300 2318 2355 2360 2383 2417 2440 2474 2497 2531 2554 2588 2611 2645 2668 2702 2725 2759 2782 2816 2839 2873 2896 2931 2955 2990 3014 3049 3073 3108 3132 3167 3191 3226 3250 3285 3309 3344 3368 3403 3427 3462 3486 3521 3545 3580 3604 3639 3663 3698 3722 3757 3781 3816 3840 3875 3899 3934 3958 3993 4017 4052 4076 4111 4135 4146 4170 4174 4211 4216 4241 4275 4300 4334 4359 4393 4418 4452 4477 4511 4536 4570 4595 4629 4654 4688 4713 4747 4772 4807 4833 4868 4894 4929 4955 4990 5016 5051 5077 5112 5138 5173 5199 5234 5260 5295 5321 5356 5382 5417 5443 5478 5504 5539 5565 5600 5626 5661 5687 5722 5748 5783 5809 5844 5870 5905 5931 5966 5992 6027 6053 6064 6090 6094 6131 6136 6161 6195 6220 6254 6279 6313 6338 6372 6397 6431 6456 6490 6515 6549 6574 6608 6633 6667 6692 6727 6753 6788 6814 6849 6875 6910 6936 6971 6997 7032 7058 7093 7119 7154 7180 7215 7241 7276 7302 7337 7363 7398 7424 7459 7485 7520 7546 7581 7607 7642 7668 7703 7729 7764 7790 7825 7851 7886 7912 7947 7973 7984 8010 8014 8051 8056 8081 8115 8140 8174 8199 8233 8258 8292 8317 8351 8376 8410 8435 8469 8494 8528 8553 8587 8612 8647 8673 8708 8734 8769 8795 8830 8856 8891 8917 8952 8978 9013 9039 9074 9100 9135 9161 9196 9222 9257 9283 9318 9344 9379 9405 9440 9466 9501 9527 9562 9588 9623 9649 9684 9710 9745 9771 9806 9832 9867 9893 9904 9930 9934 9992 10012 10070 10092 10150 10172 10230 10252 10310 10332 10390 10412 10470 10492 10550 10572 10630 10652 10711 10734 10794 10817 10877 10901 10961 10985 11045 11069 11129 11153 11213 11237 11297 11321 11381 11405 11465 11489 11549 11573 11633 11657 11717 11741 11801 11825 11885 11909 11969 11993 12053 12077 12137 12161 12221 12245 12305 12329 12389 12413 12473 12497 12572 12624 12647 12681 12687 12712 12746 12752 12777 12811 12817 12842 12876 12882 12907 12941 12947 12972 13006 13012 13037 13071 13077 13102 13136 13142 13167 13201 13207 13232 13266 13272 13297 13332 13338 13364 13399 13405 13431 13466 13472 13498 13533 13539 13565 13600 13606 13632 13667 13673 13699 13734 13740 13766 13801 13807 13833 13868 13874 13900 13935 13941 13967 14002 14008 14034 14069 14075 14101 14136 14142 14168 14203 14209 14235 14270 14276 14302 14337 14343 14369 14404 14410 14436 14471 14477 14503 14538 14544 14570 14605 14611 14637 14672 14678 14711 14746 14752 14763 14803 14837 14850 14857 14916 14957 14993 15001 15007 15049 15083 15096 15103 15162 15203 15239 15247 15253 15295 15329 15342 15349 15408 15449 15485 15493 15499 15541 15575 15588 15595 15654 15695 15731 15739 15745 15787 15821 15834 15841 15900 15941 15977 15985 15991 16033 16067 16080 16087 16146 16187 16223 16231 16237 16279 16313 16326 16333 16392 16433 16469 16477 16483 16525 16559 16572 16579 16638 16679 16715 16723 16729 16771 16805 16818 16825 16884 16925 16961 16969 16975 17017 17051 17064 17071 17130 17171 17207 17215 17221 17263 17298 17311 17318 17378 17419 17456 17464 17470 17513 17548 17561 17568 17628 17669 17706 17714 17720 17763 17798 17811 17818 17878 17919 17956 17964 17970 18013 18048 18061 18068 18128 18169 18206 18214 18220 18263 18298 18311 18318 18378 18419 18456 18464 18470 18513 18548 18561 18568 18628 18669 18706 18714 18720 18763 18798 18811 18818 18878 18919 18956 18964 18970 19013 19048 19061 19068 19128 19169 19206 19214 19220 19263 19298 19311 19318 19378 19419 19456 19464 19470 19513 19548 19561 19568 19628 19669 19706 19714 19720 19763 19798 19811 19818 19878 19919 19956 19964 19970 20013 20048 20061 20068 20128 20169 20206 20214 20220 20263 20298 20311 20318 20378 20419 20456 20464 20470 20513 20548 20561 20568 20628 20669 20706 20714 20720 20763 20798 20811 20818 20878 20919 20956 20964 20970 21013 21048 21061 21068 21128 21169 21206 21214 21220 21263 21298 21311 21318 21378 21419 21456 21464 21470 21513 21548 21561 21568 21628 21669 21706 21714 21720 21763 21798 21811 21818 21878 21919 21956 21964 21970 22013 22048 22061 22068 22128 22169 22206 22214 22220 22263 22298 22311 22318 22378 22419 22456 22464 22470 22475 22533 22572 22607 22620 22627 22687 22728 22765 22773 22779 22783 22816 22851 22886 22921 22923
file 2 ./dino_prp/Control.prp
filehash 2 17549580833692210164
filelines 2 80 0 216 237 258 279 300 321 340 369 398 426 454 481 508 536 564 592 619 647 668 689 710 761 789 840 868 918 948 999 1027 1078 1107 1158 1187 1238 1267 1319 1348 1400 1429 1481 1511 1563 1614 1738 1769 1820 1873 1945 1997 2041 2130 2230 2402 2423 2439 2443 2519 2588 2657 2732 2799 2872 2892 2922 2938 2942 3138 3203 3227 3346 3377 3393 3397 3466 3487 3705 3757 3874 3876
file 3 ./dino_prp/ImmediateGenerator.prp
filehash 3 5338560799435971103
filelines 3 23 0 102 142 183 225 267 309 351 393 435 477 584 1473 2362 3284 4172 5143 6033 6888 7457 7995 8018 8020
file 4 ./dino_prp/ALUControl.prp
filehash 4 2432089495623656380
filelines 4 39 0 137 154 171 188 205 222 242 271 276 324 329 410 415 517 522 545 571 610 636 654 680 698 724 742 768 773 862 867 967 990 1016 1034 1045 1063 1067 1135 1159 1161
file 5 ./dino_prp/DualIssueForwardingUnit.prp
filehash 5 5651259125202624367
filelines 5 53 0 400 470 526 596 652 721 777 846 902 980 1072 1166 1260 1290 1361 1418 1489 1546 1616 1673 1743 1800 1881 1976 2072 2168 2198 2269 2326 2397 2454 2524 2581 2651 2708 2845 2941 3037 3067 3138 3195 3266 3323 3393 3450 3520 3577 3714 3810 3906 3936 3938
file 6 ./dino_prp/DualIssueHazardUnit.prp
filehash 6 13351310534348974039
filelines 6 23 0 403 422 453 480 549 620 691 762 833 904 975 1046 1117 1256 1316 1357 1408 1448 1484 1524 1556 1558
file 7 ./dino_prp/StageReg.prp
filehash 7 16723292877472109532
filelines 7 28 0 216 233 259 276 297 315 339 359 374 385 408 434 451 464 489 533 559 567 573 578 655 698 702 742 774 796 798
file 8 ./dino_prp/StageReg_2.prp
filehash 8 3687491674727045555
filelines 8 57 0 344 361 378 395 412 429 446 472 494 518 542 563 581 605 625 640 662 684 704 715 720 783 788 828 848 871 888 894 899 935 964 987 1004 1010 1015 1053 1078 1101 1118 1124 1129 1167 1194 1217 1234 1240 1290 1317 1321 1361 1393 1415 1451 1487 1519 1521
file 9 ./dino_prp/StageReg_4.prp
filehash 9 11134653093066362173
filelines 9 68 0 697 714 731 748 775 802 828 854 882 912 946 976 1004 1031 1061 1079 1105 1132 1158 1187 1220 1245 1270 1299 1326 1355 1381 1392 1397 1437 1499 1561 1621 1644 1661 1667 1672 1716 1780 1810 1833 1850 1856 1861 1903 1937 2013 2081 2104 2121 2127 2159 2227 2289 2293 2337 2383 2427 2477 2535 2577 2619 2669 2715 2765 2809 2811
file 10 ./dino_prp/StageReg_8.prp
filehash 10 7817049667420168279
filelines 10 21 0 249 266 294 321 351 369 396 425 451 462 467 541 573 641 703 707 753 803 847 849
file 11 ./dino_prp/StageReg_10.prp
filehash 11 9203297993606745511
filelines 11 18 0 214 237 261 287 305 327 351 372 383 419 459 493 497 533 573 607 609
file 12 ./dino_prp/StageReg_12.prp
filehash 12 12288936143647853869
filelines 12 14 0 183 210 240 258 287 313 324 374 418 422 472 516 518
file 13 ./dino_prp/ALU.prp
filehash 13 3976432345047998552
filelines 13 89 0 98 115 133 151 168 185 202 232 262 291 321 351 381 398 415 432 449 466 486 561 671 745 809 890 963 1003 1008 1046 1083 1088 1143 1170 1207 1255 1260 1834 1857 1894 1943 1948 2598 2621 2658 2707 2712 3318 3341 3378 3416 3453 3491 3528 3576 3581 4186 4209 4246 4295 4300 4911 4934 4971 4976 5057 5084 5122 5174 5212 5217 5299 5326 5364 5369 5425 5452 5490 5495 5552 5580 5618 5623 5680 5708 5719 5737 5741 5765 5767
file 14 ./dino_prp/DualIssueNextPC.prp
filehash 14 751804293209648847
filelines 14 27 0 204 223 273 331 381 439 489 572 622 706 756 814 865 924 1058 1174 1276 1409 1525 1612 1697 1719 1772 1847 1868 1870
file 15 ./dino_prp/StageReg_6.prp
filehash 15 7233361211095308102
filelines 15 51 0 354 371 388 405 422 446 474 495 514 540 561 579 601 625 645 671 690 708 719 724 794 799 841 868 891 908 914 919 954 985 1008 1025 1031 1036 1076 1100 1146 1169 1186 1192 1221 1271 1275 1311 1351 1383 1427 1457 1485 1487
file 16 ./dino_prp/PipelinedDualIssueCPU.prp
filehash 16 17979340170295442937
filelines 16 358 0 30 81 123 213 291 366 432 516 591 636 690 744 795 846 897 948 949 1346 1364 1409 1444 1483 1528 1563 1602 1622 1644 1666 1688 1730 1763 1805 1838 1878 1918 1931 1975 2019 2070 2112 2155 2176 2227 2269 2312 2333 2378 2432 2477 2531 2581 2631 2675 2728 2778 2828 2872 2925 2970 3024 3069 3123 3174 3212 3263 3301 3304 3307 3310 3313 3316 3319 3322 3325 3328 3331 3334 3337 3340 3343 3346 3349 3352 3355 3358 3361 3364 3367 3370 3373 3376 3379 3382 3385 3388 3391 3394 3397 3440 3483 3523 3544 3564 3611 3658 3679 3700 3721 3742 3763 3785 3806 3828 3850 3902 3975 4048 4101 4154 4158 4210 4244 4297 4350 4354 4388 4745 4828 4911 5596 6203 6810 6921 6967 7078 7124 7459 7515 7850 7906 9002 9083 9164 10108 10344 10413 10688 10757 11148 11217 11608 11677 12351 12434 12517 12606 12691 13365 13448 13531 13620 13705 14029 14120 14444 14535 14760 14825 14892 14963 15188 15253 15320 15391 15618 15703 15794 16021 16106 16126 16178 16269 16292 16334 16388 16392 16459 16486 16528 16597 16601 16657 16682 16724 16782 16786 16856 16885 16927 16999 17003 17064 17092 17134 17197 17201 17265 17294 17336 17402 17406 17477 17506 17548 17621 17625 17650 17699 17704 17750 17796 17844 17890 17938 17984 18023 18069 18108 18154 18172 18218 18236 18247 18265 18269 18318 18323 18371 18417 18467 18513 18563 18609 18650 18696 18737 18783 18803 18849 18869 18880 18900 18904 18953 18958 19006 19052 19072 19118 19168 19214 19264 19310 19351 19397 19438 19484 19504 19515 19535 19539 19588 19593 19641 19687 19707 19753 19803 19849 19899 19945 19986 20032 20073 20119 20139 20150 20170 20174 20192 20203 20214 20251 20258 20265 20272 20415 20434 20447 20490 20506 20514 20534 20568 20576 20582 20586 20716 20795 20945 21062 21195 21228 21267 21317 21363 21367 21446 21596 21713 21846 21902 21941 21981 22039 22043 22211 22320 22431 22601 22734 22877 23206 23252 23310 23361 23365 23466 23842 23909 23984 24045 24104 24150 24221 24279 24330 24334 24435 24804 24871 24946 25007 25066 25137 25200 25202
span 2640212944877632480 0 3644 3732 61
span 10928585080225350474 0 3796 3870 64
span 16316141235153165205 0 3914 4014 69
span 3714362787502658971 0 4043 4103 73
span 12340662856493774534 0 0 4105 1
span 14688824910843231081 0 567 591 16
span 16767439530937195647 0 607 650 17
span 4960320087537311597 0 697 740 19
span 1878042935821072826 0 787 829 21
span 2264923530723349819 0 876 919 23
span 8462866242928733861 0 967 1010 25
span 11462931485265864965 0 1058 1102 27
span 8061367453067793398 0 1150 1193 29
span 7563206989223936283 0 1241 1285 31
span 14346098815917044999 0 1301 1344 32
span 1502756673820539754 0 1390 1433 34
span 11413288399255091048 0 1450 1493 35
span 1957266580867077817 0 1543 1588 37
span 14134560374185770301 0 2822 3501 59
span 7242652931143297913 0 3504 3623 60
span 7565708077171056777 0 3626 3732 61
span 17341981035119176173 0 3831 3866 65
span 1437146337043532524 0 3974 4010 70
span 16859631027707955130 1 2320 4173 102
span 9374134878190135199 1 0 22922 1
span 13173577577889573237 1 1758 1764 70
span 17750631658553075527 1 1775 1781 71
span 15468700019242527128 1 1792 1798 72
span 10978146174911611205 1 1809 1815 73
span 4875025284634499184 1 1826 1832 74
span 16304855434281529310 1 1843 1849 75
span 18212751382705232348 1 1860 1866 76
span 1731953385170201082 1 1877 1883 77
span 7350173960510790198 1 1894 1900 78
span 13886209865479204542 1 1911 1917 79
span 13952991591205211068 1 1928 1935 80
span 16627297015869302856 1 1946 1953 81
span 6146215276100115835 1 1964 1971 82
span 997114284922483241 1 1982 1989 83
span 14796740804563428869 1 2000 2007 84
span 1210451728452668893 1 2018 2025 85
span 2333508881868716823 1 2036 2043 86
span 10664883549915477391 1 2054 2061 87
span 2599986177010693230 1 2072 2079 88
span 2981542452037264732 1 2090 2097 89
span 1047308780885587585 1 2108 2115 90
span 3758898169355260186 1 2126 2133 91
span 9133355940522621454 1 2144 2151 92
span 2242794287903402543 1 2162 2169 93
span 15943750443939455264 1 2180 2187 94
span 4537948502891846761 1 2198 2205 95
span 7834942216745875204 1 2216 2223 96
span 12898552704618982593 1 2234 2241 97
span 8657169248864524062 1 2252 2259 98
span 14755242112228155529 1 2270 2277 99
span 17317393579943438207 1 2288 2295 100
span 5322250273283418849 1 2306 2313 101
span 10603711169460877696 1 9949 9991 366
span 8084818507452513015 1 10027 10069 368
span 5918788809673753690 1 10107 10149 370
span 18227282408790169447 1 10187 10229 372
span 10109399926471273999 1 10267 10309 374
span 16725393586114073690 1 10347 10389 376
span 8755406259896077615 1 10427 10469 378
span 5293189057784996157 1 10507 10549 380
span 5956496981779233786 1 10587 10629 382
span 14793909988288834188 1 10668 10710 384
span 2267480913576541594 1 10750 10793 386
span 13156511043175616674 1 10833 10876 388
span 15253103497569578072 1 10917 10960 390
span 11361027786257974434 1 11001 11044 392
span 4395273264606637009 1 11085 11128 394
span 3822657164110541537 1 11169 11212 396
span 629162019917082821 1 11253 11296 398
span 8721258801904986069 1 11337 11380 400
span 377521988083302966 1 11421 11464 402
span 13687236110266960983 1 11505 11548 404
span 6729282155350191001 1 11589 11632 406
span 2531987371731152990 1 11673 11716 408
span 1742766338272365975 1 11757 11800 410
span 9171347757975405179 1 11841 11884 412
span 5531990967613294379 1 11925 11968 414
span 5166436191023881699 1 12009 12052 416
span 11342728329170060778 1 12093 12136 418
span 17944619406798025430 1 12177 12220 420
span 4711327785122509818 1 12261 12304 422
span 11598751101869989860 1 12345 12388 424
span 11542569777114274545 1 12429 12472 426
span 17752371561101777257 1 12574 22782 429
span 7026053469975878110 1 14682 14751 523
span 860062796017387324 1 14767 15006 527
span 6212212458237592616 1 14873 14915 531
span 15242138770377294679 2 2132 2229 52
span 537031354877211398 2 2043 2129 51
span 1383307455141327985 2 2232 2401 53
span 7539380818381924832 2 2676 2731 60
span 418821495100776860 2 2801 2871 62
span 12027543910292759382 2 3229 3345 70
span 5791155974463735376 2 3707 3756 77
span 3983287786012443007 2 3489 3704 76
span 18184230906489354732 2 3759 3873 78
span 12497564087739770603 2 0 3875 1
span 1612951149456302499 2 725 760 22
span 13867681218524640356 2 804 839 24
span 2838819069150143514 2 883 917 26
span 14957100871754499447 2 963 998 28
span 18249411502671969925 2 1042 1077 30
span 11676794200975725763 2 1122 1157 32
span 13659160270284236803 2 1202 1237 34
span 16464974043872912010 2 1282 1318 36
span 14883615048285710496 2 1363 1399 38
span 4153620545654867629 2 1445 1480 40
span 2521825404759386373 2 1527 1562 42
span 6732688959123048963 2 1616 1737 44
span 8394768183647920305 2 1771 1819 46
span 9053996893558270356 2 2445 2518 57
span 1371479849428734443 2 2521 2587 58
span 6029779558101797298 2 2590 2656 59
span 16541305819729361226 2 2944 3137 67
span 6863279423058899197 3 0 8019 1
span 16487191206642917529 3 104 141 2
span 12821808236218384729 3 479 583 11
span 15959987546783550623 3 586 1472 12
span 2138442220664972306 3 1475 2361 13
span 10406142442312765430 3 2364 3283 14
span 16237533298082945476 3 3286 4171 15
span 10092687987047680355 3 4174 5142 16
span 7290594278036190057 3 5145 6032 17
span 10736100408787745689 3 6035 6887 18
span 12397100747155030313 3 6890 7456 19
span 16706753380578896623 3 7459 7994 20
span 6971477753522242110 4 1085 1134 36
span 6919799426069072855 4 0 1160 1
span 9047040120343456463 4 244 1066 8
span 5561895111272105294 4 1069 1134 36
span 14830692982130738409 5 1185 1259 13
span 18363546074258851993 5 2960 3036 38
span 10821476499645696856 5 0 3937 1
span 12498530970319337691 5 982 1071 11
span 11628541838315296500 5 1074 1165 12
span 7673327377048771098 5 1168 1259 13
span 15846292414265837103 5 2597 2650 34
span 14788582015432703455 5 2710 2844 36
span 15757793226010282712 5 2847 2940 37
span 10963749393015486901 5 2943 3036 38
span 6345061331797810731 5 3466 3519 46
span 7568166102943138423 6 482 548 5
span 4793424857799983411 6 1258 1315 15
span 1268569219216568679 6 1359 1407 17
span 7573049397929926891 6 0 1557 1
span 6524453136973294370 6 1119 1255 14
span 4969065004509884895 7 239 254 3
span 17174590175761442205 7 265 271 4
span 9394052151161078712 7 282 293 5
span 15024253856957429504 7 0 797 1
span 14558485966508099997 7 299 701 6
span 11553956079352605706 7 389 572 11
span 12499193699820250595 7 582 654 21
span 6724451942903367178 7 591 654 21
span 9004059905134464313 7 659 697 22
span 4837836464743579930 8 435 441 7
span 17668916125465444235 8 452 467 8
span 5974529525902697576 8 478 489 9
span 10507836337219068683 8 500 513 10
span 2723518768557819853 8 524 537 11
span 223704669000688385 8 548 559 12
span 14479031056555551018 8 724 782 22
span 14773744015491738484 8 733 782 22
span 11182177656259055563 8 792 827 24
span 3530796559319440564 8 903 934 30
span 15867578998972999198 8 1019 1052 36
span 5310585095519473938 8 1133 1166 42
span 13452226388853080137 8 1244 1289 47
span 10866016536008720810 9 754 771 5
span 8173088968317459046 9 781 798 6
span 12034066192333022220 9 808 824 7
span 6245709805920448737 9 834 850 8
span 12707080008234681181 9 860 878 9
span 15840572725469778984 9 888 908 10
span 4345746302931877352 9 918 942 11
span 13453346411533572284 9 952 972 12
span 15548045829647226004 9 982 1000 13
span 10015476965431787374 9 1010 1027 14
span 4774471505073163729 9 1037 1057 15
span 6087159787977585060 9 1401 1436 30
span 11584327596998803779 9 1441 1498 31
span 311725159414515389 9 1503 1560 32
span 9661448025640812282 9 1565 1620 33
span 12597306797594692003 9 1625 1666 34
span 5627759279503619098 9 1676 1715 38
span 14557250433684898659 9 1720 1779 39
span 14262593702439795835 9 1865 1902 45
span 14285134025550437480 9 1941 2012 47
span 12128396458316146172 9 2017 2080 48
span 1304840575276152715 9 2163 2226 53
span 10190333208732790348 9 2231 2288 54
span 930725296783134894 10 272 290 3
span 16339121682367978977 11 220 232 2
span 4645691346461766347 11 243 256 3
span 15753327247727038685 11 267 282 4
span 10995540819830262163 12 189 206 2
span 10656064390338629625 12 216 236 3
span 2812294124642419597 13 965 5740 26
span 13403332753582930969 13 0 5766 1
span 11051866593955950406 13 488 560 20
span 7672731570637856557 13 563 670 21
span 7540420693759207432 13 673 744 22
span 11373235973136688639 13 747 808 23
span 14169400569440866145 13 811 889 24
span 4813458820586564746 13 1211 1254 34
span 9561249087285027111 13 4250 4294 58
span 16731997571803871491 14 1791 1846 24
span 12863769403176767696 14 0 1869 1
span 6424120613338365597 14 926 1057 15
span 2236729476139958688 14 1176 1275 17
span 15064949632385699807 14 1278 1408 18
span 15121793125068228886 14 1527 1611 20
span 5022692330492540749 14 1774 1846 24
span 3084224244696308102 15 428 441 6
span 10301495200660219798 15 452 469 7
span 1315158440708254266 15 480 490 8
span 6727098125356216333 15 501 510 9
span 9502985867908675470 15 728 793 21
span 12807618965789402258 15 803 840 23
span 10007743656204286066 15 923 953 29
span 4022694554507510314 15 1104 1145 37
span 11929904773721706473 16 1924 1926 36
span 13803875865330049137 16 16294 16391 184
span 12458632200860876657 16 16488 16600 189
span 247653153538936270 16 16684 16785 194
span 12983416329673320848 16 16887 17002 199
span 17331113861303095762 16 17094 17200 204
span 15138311996744284411 16 17296 17405 209
span 2359738296171846360 16 17508 17624 214
span 8330969784760042019 16 949 25201 18
span 14077268630033275866 16 4635 4744 127
span 8650403846998843851 16 4050 4157 118
span 18078662548625631847 16 4105 4153 119
span 16819772612837490176 16 4246 4353 123
span 17610287048762250711 16 4301 4349 124
span 1268495266641905367 16 4929 5595 130
span 11704800979529005323 16 6119 6202 131
span 8578528724652617612 16 6726 6809 132
span 18191747409327077558 16 8215 9001 141
span 522352133305537851 16 7908 9001 141
span 17348421918254192568 16 9533 10107 144
span 11288749960349850433 16 10128 10343 145
span 5291418281194754693 16 10346 10412 146
span 9854182335376274406 16 10433 10687 147
span 15113631533201518412 16 10777 11147 149
span 7694866708696474699 16 11150 11216 150
span 7825606333958425597 16 11237 11607 151
span 18018628022944102699 16 11702 12350 153
span 13721270427810560585 16 12716 13364 158
span 12297376206798084298 16 13731 14028 163
span 5082556793488958567 16 14146 14443 165
span 1552079042979189467 16 14556 14759 167
span 702939034102655093 16 14984 15187 171
span 8513442204670986389 16 15417 15617 175
span 12356363086405453658 16 15820 16020 178
span 671733688189028435 16 16338 16387 185
span 17907957878571761411 16 16532 16596 190
span 12883638968879899779 16 16728 16781 195
span 8784301104845754211 16 16931 16998 200
span 4305845198008842994 16 17340 17401 210
span 16096673876680447824 16 17552 17620 215
span 2323421113256718664 16 17652 18268 218
span 17818492221826464201 16 18271 18903 236
span 15730232793588525591 16 18906 19538 254
span 2809039733349950771 16 19541 20173 272
span 4614895611263253048 16 20218 20581 293
span 15995735757637308574 16 20278 20414 297
span 14046900733607245412 16 20520 20575 303
span 2077769850549537727 16 20588 20715 308
span 11785179582577463677 16 20797 20944 310
span 3714109907915739402 16 20947 21061 311
span 4714090940412502173 16 21985 22038 325
span 9603803395371650317 16 22045 22210 327
span 10478538521060467194 16 22433 22600 330
span 971662143617824679 16 22984 23205 333
span 4495051167762756580 16 23487 23841 339
span 10514691773814140141 16 24456 24803 350
span 1656356403036854077 16 1938 1970 37
span 16224583711225980713 16 2385 2428 48
span 13872630568283827112 16 3130 3170 63
